0.0 0.0 0.0 0.0 0.0 0.0 0.0 0.0 0.0 0.0 0.0 0.0 0.0 0.0 0.0 0.0 0.0 0.0 0.0 0.0 0.0 0.0 0.0 0.0 0.0 0.0 0.0 0.0 0.0 0.0 0.0 0.0 0.0 0.0 0.0 0.0 0.0 0.0 0.0 0.0 0.0 0.0 0.0 0.0 0.0 0.0 0.0 0.0 0.0 0.0 0.0 0.0 0.0 0.0 0.0 0.0 0.0 0.0 0.0 0.0 0.0 0.0 0.0 0.0 0.0 0.0 0.0 32.0 33.0 34.0 11.0 0.0 0.0 0.0 0.0 0.0 0.0 0.0 0.0 0.0 0.0 0.0 0.0 0.0 0.0 0.0 0.0 0.0 0.0 0.0 0.0 0.0 0.0 0.0 0.0 0.0 0.0 0.0 0.0 0.0 0.0 0.0 0.0 0.0 0.0 0.0 0.0 0.0 0.0 0.0 0.0 0.0 9.0 0.0 0.0 0.0 0.0 0.0 0.0 0.0 
0.0 0.0 0.0 0.0 0.0 22.0 0.0 0.0 20.0 9.0 9.0 0.0 0.0 0.0 0.0 0.0 0.0 0.0 0.0 0.0 0.0 0.0 0.0 0.0 0.0 0.0 0.0 11.0 0.0 0.0 0.0 0.0 0.0 0.0 0.0 0.0 0.0 0.0 0.0 0.0 0.0 0.0 0.0 0.0 0.0 0.0 0.0 0.0 0.0 0.0 0.0 0.0 0.0 0.0 0.0 0.0 0.0 0.0 0.0 0.0 0.0 0.0 0.0 0.0 0.0 0.0 0.0 0.0 8.0 23.0 27.0 0.0 0.0 0.0 0.0 0.0 0.0 0.0 0.0 0.0 0.0 0.0 0.0 0.0 0.0 0.0 0.0 0.0 0.0 0.0 0.0 0.0 0.0 0.0 0.0 0.0 0.0 0.0 0.0 9.0 9.0 0.0 0.0 0.0 0.0 0.0 0.0 0.0 42.0 36.0 0.0 0.0 0.0 0.0 0.0 0.0 0.0 0.0 0.0 0.0 
0.0 0.0 24.0 0.0 11.0 11.0 15.0 0.0 11.0 14.0 14.0 0.0 0.0 0.0 0.0 0.0 0.0 0.0 0.0 0.0 0.0 0.0 0.0 0.0 0.0 0.0 0.0 0.0 0.0 0.0 0.0 0.0 0.0 0.0 0.0 0.0 0.0 0.0 0.0 0.0 0.0 0.0 0.0 0.0 0.0 0.0 0.0 0.0 0.0 0.0 0.0 0.0 0.0 0.0 0.0 0.0 0.0 0.0 0.0 0.0 0.0 0.0 0.0 0.0 0.0 0.0 0.0 0.0 0.0 22.0 5.0 10.0 0.0 0.0 0.0 0.0 0.0 0.0 0.0 9.0 0.0 0.0 0.0 0.0 0.0 0.0 0.0 52.0 67.0 69.0 0.0 0.0 0.0 15.0 48.0 53.0 46.0 37.0 40.0 0.0 9.0 0.0 0.0 0.0 0.0 0.0 15.0 38.0 17.0 17.0 17.0 17.0 0.0 0.0 9.0 0.0 0.0 0.0 0.0 0.0 
0.0 19.0 29.0 17.0 20.0 0.0 0.0 0.0 0.0 0.0 0.0 0.0 0.0 0.0 0.0 0.0 0.0 0.0 0.0 0.0 0.0 0.0 0.0 0.0 0.0 0.0 0.0 0.0 0.0 0.0 0.0 0.0 0.0 0.0 0.0 0.0 0.0 0.0 0.0 0.0 0.0 0.0 0.0 0.0 0.0 0.0 0.0 0.0 0.0 0.0 0.0 0.0 0.0 0.0 0.0 0.0 0.0 0.0 0.0 0.0 0.0 0.0 0.0 0.0 0.0 0.0 0.0 0.0 0.0 0.0 0.0 0.0 0.0 0.0 0.0 0.0 0.0 0.0 0.0 0.0 0.0 0.0 0.0 0.0 0.0 0.0 0.0 53.0 0.0 0.0 0.0 16.0 16.0 48.0 53.0 38.0 38.0 38.0 38.0 19.0 0.0 0.0 0.0 0.0 0.0 0.0 0.0 38.0 38.0 17.0 0.0 9.0 0.0 0.0 0.0 0.0 0.0 0.0 0.0 0.0 
22.0 10.0 26.0 14.0 2.0 2.0 0.0 0.0 0.0 0.0 0.0 0.0 0.0 0.0 0.0 0.0 0.0 0.0 0.0 0.0 0.0 0.0 0.0 0.0 0.0 0.0 0.0 0.0 0.0 0.0 0.0 0.0 0.0 0.0 0.0 0.0 0.0 0.0 0.0 0.0 0.0 0.0 0.0 0.0 0.0 0.0 0.0 0.0 0.0 0.0 0.0 0.0 0.0 0.0 0.0 0.0 0.0 0.0 0.0 0.0 0.0 0.0 0.0 0.0 0.0 0.0 0.0 0.0 0.0 0.0 0.0 0.0 0.0 0.0 0.0 0.0 0.0 0.0 0.0 0.0 0.0 0.0 0.0 0.0 0.0 0.0 0.0 69.0 69.0 69.0 0.0 0.0 0.0 42.0 38.0 38.0 38.0 38.0 34.0 25.0 25.0 0.0 0.0 0.0 0.0 0.0 17.0 38.0 38.0 16.0 0.0 0.0 0.0 0.0 0.0 0.0 0.0 0.0 0.0 0.0 
12.0 10.0 11.0 12.0 10.0 0.0 28.0 9.0 0.0 0.0 0.0 0.0 0.0 31.0 0.0 0.0 0.0 11.0 0.0 0.0 0.0 0.0 0.0 0.0 0.0 0.0 0.0 20.0 16.0 12.0 0.0 0.0 0.0 0.0 0.0 0.0 0.0 0.0 0.0 0.0 0.0 0.0 0.0 0.0 0.0 0.0 0.0 0.0 0.0 0.0 0.0 0.0 0.0 0.0 0.0 0.0 0.0 0.0 0.0 0.0 0.0 0.0 0.0 0.0 0.0 0.0 0.0 0.0 0.0 0.0 0.0 0.0 0.0 0.0 0.0 0.0 0.0 0.0 0.0 0.0 0.0 0.0 0.0 0.0 0.0 0.0 0.0 0.0 0.0 0.0 0.0 0.0 0.0 50.0 38.0 38.0 38.0 38.0 38.0 38.0 38.0 2.0 0.0 0.0 0.0 0.0 17.0 38.0 38.0 17.0 0.0 0.0 2.0 0.0 0.0 9.0 0.0 0.0 0.0 0.0 
17.0 9.0 11.0 23.0 24.0 26.0 19.0 2.0 0.0 9.0 9.0 11.0 11.0 20.0 35.0 21.0 0.0 0.0 13.0 16.0 11.0 0.0 0.0 0.0 0.0 0.0 0.0 0.0 0.0 0.0 0.0 0.0 0.0 0.0 0.0 0.0 0.0 0.0 0.0 0.0 0.0 0.0 0.0 0.0 0.0 0.0 0.0 0.0 0.0 0.0 0.0 0.0 0.0 0.0 0.0 0.0 0.0 0.0 0.0 0.0 20.0 0.0 0.0 0.0 0.0 0.0 0.0 0.0 0.0 0.0 0.0 0.0 0.0 0.0 0.0 0.0 0.0 0.0 0.0 0.0 0.0 0.0 0.0 0.0 0.0 0.0 0.0 0.0 0.0 0.0 0.0 48.0 48.0 31.0 38.0 38.0 38.0 38.0 38.0 38.0 35.0 11.0 0.0 0.0 0.0 0.0 53.0 38.0 38.0 38.0 38.0 0.0 48.0 0.0 0.0 0.0 0.0 0.0 0.0 0.0 
17.0 9.0 11.0 23.0 24.0 26.0 19.0 2.0 0.0 9.0 9.0 11.0 11.0 20.0 35.0 21.0 0.0 0.0 13.0 16.0 11.0 0.0 0.0 0.0 0.0 0.0 0.0 0.0 0.0 0.0 0.0 0.0 0.0 0.0 0.0 0.0 0.0 0.0 0.0 0.0 0.0 0.0 0.0 0.0 0.0 0.0 0.0 0.0 0.0 0.0 0.0 0.0 0.0 0.0 0.0 0.0 0.0 0.0 0.0 0.0 20.0 0.0 0.0 0.0 0.0 0.0 0.0 0.0 0.0 0.0 0.0 0.0 0.0 0.0 0.0 0.0 0.0 0.0 0.0 0.0 0.0 0.0 0.0 0.0 0.0 0.0 0.0 0.0 0.0 0.0 0.0 48.0 48.0 31.0 38.0 38.0 38.0 38.0 38.0 38.0 35.0 11.0 0.0 0.0 0.0 0.0 53.0 38.0 38.0 38.0 38.0 0.0 48.0 0.0 0.0 0.0 0.0 0.0 0.0 0.0 
11.0 11.0 26.0 25.0 25.0 12.0 11.0 15.0 25.0 31.0 31.0 25.0 16.0 11.0 18.0 16.0 15.0 29.0 34.0 16.0 16.0 0.0 0.0 11.0 11.0 11.0 11.0 0.0 0.0 11.0 0.0 0.0 0.0 0.0 9.0 0.0 0.0 0.0 0.0 0.0 0.0 0.0 0.0 0.0 0.0 0.0 0.0 0.0 0.0 0.0 0.0 0.0 0.0 0.0 9.0 0.0 0.0 0.0 0.0 0.0 0.0 0.0 0.0 0.0 0.0 0.0 0.0 0.0 0.0 0.0 0.0 0.0 0.0 0.0 0.0 0.0 0.0 0.0 0.0 0.0 0.0 9.0 0.0 0.0 0.0 0.0 0.0 0.0 0.0 0.0 0.0 0.0 0.0 25.0 22.0 22.0 26.0 34.0 37.0 15.0 2.0 2.0 0.0 0.0 0.0 0.0 0.0 17.0 35.0 17.0 17.0 15.0 2.0 2.0 2.0 0.0 0.0 0.0 0.0 0.0 
24.0 29.0 34.0 26.0 25.0 20.0 12.0 12.0 18.0 32.0 32.0 32.0 21.0 16.0 32.0 26.0 23.0 29.0 26.0 28.0 23.0 20.0 13.0 0.0 0.0 14.0 16.0 22.0 0.0 0.0 0.0 0.0 0.0 0.0 0.0 0.0 0.0 0.0 0.0 0.0 0.0 0.0 0.0 0.0 0.0 0.0 0.0 0.0 0.0 0.0 0.0 0.0 0.0 0.0 0.0 66.0 69.0 64.0 0.0 52.0 52.0 0.0 0.0 0.0 0.0 0.0 0.0 0.0 0.0 0.0 0.0 0.0 0.0 0.0 0.0 0.0 0.0 0.0 0.0 0.0 0.0 0.0 0.0 0.0 0.0 0.0 0.0 9.0 0.0 0.0 0.0 0.0 0.0 0.0 4.0 0.0 19.0 25.0 34.0 2.0 9.0 0.0 0.0 0.0 0.0 0.0 0.0 0.0 17.0 17.0 17.0 0.0 10.0 0.0 0.0 9.0 0.0 0.0 0.0 0.0 
25.0 43.0 43.0 41.0 25.0 18.0 18.0 12.0 22.0 20.0 20.0 19.0 12.0 12.0 37.0 24.0 20.0 17.0 16.0 21.0 13.0 13.0 26.0 16.0 16.0 21.0 13.0 16.0 13.0 0.0 0.0 0.0 0.0 0.0 0.0 0.0 0.0 0.0 0.0 0.0 0.0 0.0 0.0 0.0 0.0 0.0 0.0 0.0 0.0 0.0 0.0 0.0 0.0 0.0 0.0 0.0 0.0 0.0 0.0 0.0 12.0 0.0 0.0 0.0 0.0 0.0 0.0 0.0 0.0 0.0 0.0 0.0 0.0 0.0 0.0 0.0 0.0 0.0 0.0 0.0 0.0 0.0 0.0 0.0 0.0 0.0 0.0 0.0 0.0 0.0 0.0 0.0 0.0 0.0 0.0 10.0 0.0 29.0 2.0 2.0 0.0 0.0 0.0 0.0 0.0 0.0 0.0 0.0 0.0 2.0 0.0 0.0 0.0 0.0 0.0 9.0 9.0 0.0 0.0 0.0 
29.0 29.0 40.0 45.0 29.0 17.0 14.0 15.0 11.0 18.0 18.0 11.0 11.0 10.0 0.0 15.0 15.0 15.0 28.0 13.0 13.0 25.0 32.0 26.0 26.0 24.0 17.0 28.0 13.0 0.0 0.0 0.0 0.0 0.0 0.0 0.0 0.0 0.0 0.0 0.0 0.0 0.0 0.0 0.0 10.0 0.0 0.0 0.0 0.0 0.0 0.0 0.0 0.0 0.0 0.0 0.0 0.0 0.0 0.0 0.0 0.0 0.0 0.0 0.0 0.0 0.0 0.0 0.0 0.0 0.0 0.0 0.0 0.0 0.0 0.0 0.0 0.0 0.0 0.0 0.0 0.0 0.0 0.0 0.0 0.0 0.0 0.0 9.0 0.0 0.0 0.0 0.0 0.0 0.0 0.0 0.0 0.0 0.0 2.0 0.0 0.0 0.0 0.0 0.0 0.0 0.0 0.0 0.0 0.0 0.0 0.0 0.0 0.0 0.0 0.0 0.0 0.0 0.0 0.0 0.0 
31.0 31.0 29.0 27.0 40.0 21.0 13.0 17.0 22.0 13.0 13.0 0.0 0.0 20.0 0.0 0.0 0.0 15.0 22.0 18.0 38.0 66.0 47.0 47.0 47.0 28.0 15.0 20.0 20.0 0.0 0.0 0.0 0.0 11.0 0.0 0.0 0.0 0.0 0.0 0.0 0.0 0.0 0.0 0.0 0.0 0.0 0.0 0.0 0.0 0.0 0.0 0.0 0.0 0.0 0.0 0.0 0.0 0.0 0.0 0.0 0.0 0.0 0.0 0.0 0.0 0.0 0.0 0.0 0.0 0.0 0.0 0.0 0.0 0.0 0.0 0.0 0.0 0.0 0.0 0.0 0.0 0.0 43.0 0.0 11.0 0.0 0.0 0.0 0.0 0.0 0.0 0.0 0.0 0.0 0.0 0.0 0.0 0.0 0.0 0.0 0.0 0.0 0.0 0.0 0.0 0.0 0.0 0.0 0.0 0.0 0.0 34.0 14.0 37.0 30.0 0.0 0.0 0.0 0.0 0.0 
35.0 38.0 25.0 29.0 40.0 21.0 19.0 13.0 18.0 3.0 3.0 3.0 20.0 31.0 12.0 12.0 11.0 12.0 0.0 22.0 39.0 55.0 56.0 34.0 34.0 46.0 24.0 22.0 13.0 0.0 0.0 0.0 11.0 0.0 0.0 0.0 11.0 11.0 11.0 11.0 0.0 0.0 0.0 0.0 0.0 0.0 0.0 0.0 0.0 0.0 0.0 0.0 0.0 0.0 0.0 0.0 0.0 0.0 0.0 0.0 0.0 0.0 0.0 0.0 0.0 0.0 0.0 0.0 0.0 0.0 0.0 0.0 0.0 0.0 0.0 0.0 0.0 0.0 0.0 0.0 0.0 0.0 0.0 9.0 9.0 0.0 0.0 0.0 0.0 0.0 0.0 0.0 0.0 0.0 0.0 0.0 0.0 0.0 0.0 0.0 0.0 0.0 0.0 0.0 0.0 0.0 0.0 0.0 0.0 0.0 0.0 38.0 38.0 38.0 38.0 0.0 9.0 9.0 0.0 0.0 
20.0 22.0 6.0 18.0 26.0 29.0 29.0 22.0 0.0 0.0 0.0 0.0 20.0 27.0 26.0 33.0 25.0 25.0 23.0 17.0 26.0 26.0 53.0 26.0 26.0 25.0 14.0 16.0 2.0 15.0 19.0 21.0 12.0 0.0 0.0 0.0 11.0 11.0 11.0 17.0 11.0 0.0 0.0 0.0 0.0 0.0 0.0 12.0 0.0 0.0 0.0 0.0 0.0 0.0 0.0 0.0 0.0 0.0 0.0 0.0 0.0 0.0 0.0 0.0 0.0 0.0 0.0 11.0 10.0 0.0 0.0 0.0 0.0 0.0 0.0 0.0 0.0 0.0 0.0 0.0 0.0 0.0 0.0 0.0 0.0 0.0 0.0 0.0 0.0 0.0 0.0 0.0 0.0 0.0 0.0 0.0 0.0 0.0 0.0 0.0 0.0 0.0 0.0 0.0 0.0 0.0 0.0 0.0 0.0 0.0 47.0 38.0 37.0 37.0 17.0 0.0 0.0 0.0 0.0 0.0 
21.0 20.0 19.0 0.0 13.0 25.0 25.0 20.0 0.0 0.0 0.0 0.0 12.0 21.0 20.0 23.0 29.0 27.0 25.0 26.0 34.0 30.0 34.0 27.0 27.0 22.0 21.0 24.0 21.0 29.0 16.0 17.0 15.0 25.0 20.0 26.0 25.0 25.0 18.0 16.0 11.0 0.0 0.0 11.0 11.0 0.0 0.0 12.0 0.0 0.0 0.0 0.0 0.0 0.0 0.0 0.0 0.0 0.0 69.0 61.0 0.0 0.0 0.0 0.0 0.0 0.0 0.0 0.0 10.0 0.0 0.0 0.0 0.0 0.0 0.0 0.0 0.0 0.0 0.0 0.0 0.0 0.0 0.0 0.0 0.0 0.0 0.0 0.0 0.0 0.0 0.0 0.0 0.0 0.0 0.0 0.0 0.0 0.0 0.0 0.0 0.0 0.0 0.0 0.0 0.0 0.0 0.0 0.0 0.0 27.0 48.0 34.0 17.0 17.0 2.0 0.0 0.0 0.0 0.0 0.0 
28.0 25.0 0.0 0.0 14.0 14.0 27.0 15.0 17.0 11.0 11.0 12.0 13.0 13.0 20.0 20.0 25.0 26.0 20.0 20.0 20.0 24.0 61.0 25.0 25.0 25.0 29.0 67.0 67.0 26.0 25.0 20.0 12.0 12.0 13.0 15.0 16.0 16.0 22.0 20.0 11.0 0.0 0.0 0.0 11.0 11.0 20.0 10.0 0.0 0.0 0.0 0.0 0.0 0.0 0.0 0.0 0.0 0.0 43.0 69.0 0.0 0.0 0.0 0.0 0.0 0.0 0.0 0.0 0.0 0.0 0.0 0.0 0.0 0.0 0.0 0.0 0.0 0.0 0.0 0.0 0.0 0.0 0.0 0.0 0.0 0.0 0.0 9.0 0.0 0.0 0.0 0.0 0.0 0.0 0.0 0.0 0.0 0.0 0.0 0.0 0.0 0.0 0.0 0.0 0.0 0.0 0.0 0.0 0.0 39.0 38.0 38.0 38.0 37.0 0.0 0.0 0.0 0.0 0.0 0.0 
27.0 32.0 32.0 13.0 12.0 16.0 26.0 23.0 29.0 25.0 25.0 23.0 23.0 24.0 28.0 26.0 24.0 22.0 20.0 25.0 20.0 27.0 26.0 27.0 27.0 27.0 30.0 30.0 30.0 25.0 32.0 20.0 21.0 32.0 21.0 19.0 12.0 12.0 13.0 12.0 11.0 12.0 0.0 0.0 0.0 11.0 11.0 0.0 0.0 0.0 0.0 0.0 0.0 0.0 0.0 0.0 0.0 0.0 0.0 0.0 0.0 0.0 0.0 0.0 0.0 0.0 0.0 0.0 9.0 0.0 9.0 0.0 0.0 0.0 0.0 0.0 0.0 0.0 0.0 0.0 0.0 0.0 0.0 0.0 0.0 0.0 9.0 0.0 0.0 0.0 0.0 0.0 0.0 0.0 0.0 0.0 0.0 0.0 0.0 0.0 0.0 0.0 0.0 0.0 0.0 0.0 0.0 51.0 48.0 38.0 38.0 38.0 38.0 38.0 27.0 0.0 0.0 0.0 0.0 0.0 
24.0 26.0 29.0 30.0 43.0 18.0 9.0 20.0 11.0 25.0 25.0 25.0 25.0 28.0 25.0 24.0 28.0 29.0 33.0 33.0 30.0 29.0 25.0 29.0 29.0 27.0 25.0 25.0 28.0 28.0 26.0 21.0 30.0 30.0 22.0 23.0 33.0 33.0 24.0 11.0 13.0 16.0 14.0 11.0 0.0 0.0 0.0 0.0 0.0 0.0 0.0 0.0 0.0 0.0 0.0 0.0 0.0 0.0 0.0 0.0 0.0 0.0 0.0 0.0 0.0 0.0 0.0 0.0 0.0 0.0 0.0 0.0 0.0 0.0 0.0 0.0 0.0 0.0 0.0 0.0 0.0 0.0 0.0 0.0 0.0 0.0 0.0 0.0 0.0 0.0 0.0 0.0 0.0 0.0 0.0 0.0 0.0 0.0 0.0 0.0 0.0 9.0 0.0 0.0 0.0 0.0 0.0 29.0 34.0 38.0 38.0 38.0 38.0 29.0 2.0 2.0 0.0 0.0 0.0 0.0 
24.0 23.0 25.0 25.0 22.0 26.0 18.0 0.0 11.0 34.0 34.0 29.0 25.0 26.0 27.0 27.0 28.0 28.0 28.0 26.0 24.0 23.0 22.0 23.0 23.0 25.0 25.0 25.0 27.0 24.0 25.0 16.0 3.0 9.0 20.0 12.0 14.0 14.0 17.0 11.0 0.0 0.0 0.0 0.0 0.0 0.0 0.0 0.0 0.0 0.0 0.0 0.0 0.0 0.0 0.0 0.0 0.0 0.0 0.0 0.0 0.0 0.0 0.0 0.0 0.0 0.0 0.0 0.0 0.0 0.0 0.0 0.0 0.0 0.0 0.0 0.0 0.0 0.0 0.0 0.0 0.0 0.0 0.0 0.0 0.0 0.0 0.0 0.0 0.0 0.0 0.0 0.0 0.0 0.0 0.0 0.0 0.0 0.0 0.0 0.0 254.0 0.0 0.0 0.0 0.0 0.0 0.0 26.0 36.0 34.0 34.0 33.0 33.0 34.0 2.0 0.0 0.0 23.0 28.0 28.0 
22.0 29.0 29.0 16.0 24.0 32.0 38.0 27.0 20.0 38.0 38.0 38.0 35.0 20.0 23.0 24.0 27.0 24.0 24.0 17.0 14.0 19.0 26.0 25.0 25.0 23.0 23.0 22.0 18.0 20.0 17.0 3.0 0.0 0.0 0.0 11.0 13.0 13.0 13.0 13.0 16.0 20.0 11.0 11.0 11.0 11.0 0.0 0.0 0.0 0.0 0.0 0.0 0.0 0.0 0.0 0.0 0.0 0.0 0.0 0.0 0.0 0.0 0.0 0.0 0.0 0.0 0.0 0.0 0.0 9.0 57.0 254.0 0.0 9.0 0.0 0.0 0.0 0.0 0.0 0.0 0.0 0.0 0.0 0.0 0.0 0.0 9.0 9.0 0.0 0.0 0.0 0.0 0.0 0.0 0.0 0.0 0.0 0.0 0.0 0.0 254.0 0.0 0.0 0.0 0.0 0.0 0.0 0.0 37.0 38.0 38.0 38.0 38.0 38.0 38.0 47.0 0.0 0.0 14.0 14.0 
22.0 29.0 29.0 16.0 24.0 32.0 38.0 27.0 20.0 38.0 38.0 38.0 35.0 20.0 23.0 24.0 27.0 24.0 24.0 17.0 14.0 19.0 26.0 25.0 25.0 23.0 23.0 22.0 18.0 20.0 17.0 3.0 0.0 0.0 0.0 11.0 13.0 13.0 13.0 13.0 16.0 20.0 11.0 11.0 11.0 11.0 0.0 0.0 0.0 0.0 0.0 0.0 0.0 0.0 0.0 0.0 0.0 0.0 0.0 0.0 0.0 0.0 0.0 0.0 0.0 0.0 0.0 0.0 0.0 9.0 57.0 254.0 0.0 9.0 0.0 0.0 0.0 0.0 0.0 0.0 0.0 0.0 0.0 0.0 0.0 0.0 9.0 9.0 0.0 0.0 0.0 0.0 0.0 0.0 0.0 0.0 0.0 0.0 0.0 0.0 254.0 0.0 0.0 0.0 0.0 0.0 0.0 0.0 37.0 38.0 38.0 38.0 38.0 38.0 38.0 47.0 0.0 0.0 14.0 14.0 
0.0 16.0 24.0 32.0 33.0 33.0 35.0 33.0 29.0 29.0 29.0 25.0 20.0 18.0 18.0 37.0 27.0 27.0 27.0 35.0 23.0 31.0 30.0 20.0 20.0 20.0 0.0 17.0 17.0 14.0 17.0 0.0 0.0 0.0 11.0 12.0 12.0 12.0 10.0 11.0 11.0 0.0 11.0 0.0 0.0 0.0 0.0 0.0 0.0 0.0 0.0 0.0 0.0 0.0 0.0 0.0 0.0 0.0 0.0 0.0 0.0 0.0 0.0 0.0 0.0 0.0 0.0 9.0 9.0 0.0 61.0 254.0 9.0 0.0 0.0 0.0 0.0 0.0 0.0 0.0 0.0 0.0 0.0 0.0 0.0 0.0 0.0 0.0 0.0 0.0 0.0 0.0 0.0 0.0 0.0 0.0 0.0 0.0 0.0 0.0 0.0 0.0 254.0 254.0 0.0 0.0 9.0 0.0 0.0 17.0 38.0 36.0 36.0 17.0 34.0 36.0 36.0 18.0 51.0 51.0 
12.0 12.0 15.0 26.0 29.0 33.0 33.0 35.0 35.0 27.0 27.0 25.0 21.0 13.0 15.0 23.0 23.0 23.0 26.0 27.0 27.0 28.0 22.0 10.0 10.0 0.0 15.0 15.0 12.0 12.0 12.0 0.0 0.0 0.0 0.0 12.0 12.0 12.0 0.0 0.0 0.0 0.0 0.0 0.0 0.0 0.0 0.0 0.0 11.0 9.0 0.0 0.0 0.0 0.0 0.0 0.0 0.0 0.0 0.0 0.0 0.0 0.0 0.0 0.0 0.0 0.0 9.0 0.0 0.0 53.0 44.0 254.0 0.0 0.0 0.0 0.0 0.0 0.0 0.0 69.0 9.0 9.0 0.0 0.0 0.0 0.0 0.0 0.0 0.0 0.0 0.0 0.0 0.0 0.0 0.0 0.0 0.0 0.0 0.0 0.0 0.0 0.0 254.0 254.0 0.0 0.0 0.0 0.0 0.0 0.0 16.0 14.0 12.0 5.0 3.0 0.0 17.0 0.0 53.0 53.0 
20.0 14.0 3.0 10.0 26.0 51.0 34.0 37.0 37.0 34.0 34.0 29.0 30.0 31.0 25.0 30.0 29.0 25.0 25.0 28.0 30.0 28.0 25.0 21.0 21.0 20.0 32.0 24.0 26.0 19.0 22.0 22.0 25.0 0.0 0.0 0.0 0.0 0.0 0.0 0.0 0.0 0.0 0.0 0.0 0.0 0.0 0.0 0.0 0.0 0.0 0.0 0.0 0.0 0.0 0.0 0.0 0.0 0.0 0.0 0.0 0.0 0.0 0.0 9.0 0.0 0.0 0.0 0.0 0.0 0.0 9.0 254.0 0.0 0.0 9.0 69.0 0.0 0.0 0.0 46.0 0.0 254.0 254.0 0.0 0.0 0.0 0.0 9.0 0.0 0.0 0.0 0.0 0.0 0.0 0.0 0.0 0.0 0.0 0.0 0.0 0.0 69.0 254.0 254.0 69.0 69.0 69.0 69.0 69.0 0.0 254.0 254.0 254.0 254.0 254.0 56.0 9.0 0.0 0.0 0.0 
15.0 15.0 0.0 18.0 45.0 29.0 36.0 36.0 34.0 38.0 38.0 32.0 30.0 33.0 27.0 27.0 26.0 26.0 21.0 20.0 22.0 26.0 26.0 23.0 23.0 22.0 21.0 25.0 29.0 24.0 22.0 15.0 22.0 17.0 12.0 11.0 0.0 0.0 0.0 0.0 0.0 0.0 0.0 0.0 0.0 0.0 0.0 0.0 0.0 0.0 0.0 0.0 0.0 0.0 0.0 0.0 0.0 0.0 0.0 0.0 0.0 0.0 0.0 0.0 0.0 0.0 69.0 0.0 0.0 0.0 0.0 254.0 0.0 0.0 0.0 52.0 34.0 53.0 53.0 0.0 63.0 254.0 254.0 0.0 0.0 254.0 254.0 254.0 254.0 254.0 254.0 254.0 254.0 254.0 254.0 254.0 254.0 254.0 254.0 254.0 254.0 254.0 254.0 254.0 254.0 254.0 254.0 254.0 254.0 254.0 254.0 254.0 254.0 254.0 254.0 254.0 254.0 254.0 69.0 69.0 
23.0 16.0 20.0 35.0 22.0 20.0 20.0 29.0 32.0 50.0 50.0 34.0 22.0 9.0 9.0 18.0 20.0 25.0 25.0 23.0 7.0 22.0 22.0 26.0 26.0 3.0 5.0 13.0 9.0 4.0 3.0 0.0 10.0 19.0 16.0 14.0 12.0 12.0 12.0 0.0 0.0 0.0 0.0 0.0 0.0 0.0 0.0 0.0 15.0 0.0 0.0 0.0 0.0 0.0 0.0 0.0 0.0 0.0 0.0 0.0 0.0 0.0 0.0 0.0 0.0 0.0 0.0 0.0 0.0 0.0 0.0 254.0 254.0 254.0 0.0 0.0 0.0 0.0 0.0 0.0 0.0 254.0 254.0 254.0 254.0 254.0 254.0 254.0 254.0 254.0 254.0 254.0 254.0 254.0 254.0 254.0 254.0 254.0 254.0 254.0 254.0 254.0 254.0 254.0 254.0 254.0 254.0 254.0 254.0 254.0 254.0 254.0 254.0 254.0 254.0 254.0 254.0 254.0 254.0 254.0 
21.0 2.0 20.0 20.0 11.0 3.0 0.0 2.0 24.0 32.0 32.0 32.0 27.0 17.0 22.0 19.0 15.0 19.0 26.0 20.0 5.0 0.0 4.0 9.0 9.0 3.0 0.0 0.0 0.0 0.0 0.0 0.0 0.0 13.0 15.0 13.0 13.0 13.0 0.0 0.0 0.0 0.0 0.0 0.0 0.0 0.0 0.0 25.0 0.0 2.0 0.0 0.0 0.0 0.0 0.0 0.0 0.0 0.0 0.0 0.0 0.0 0.0 254.0 254.0 254.0 254.0 254.0 254.0 254.0 254.0 254.0 29.0 254.0 254.0 254.0 254.0 254.0 254.0 254.0 254.0 254.0 254.0 254.0 254.0 254.0 254.0 254.0 254.0 254.0 254.0 254.0 254.0 254.0 254.0 254.0 254.0 254.0 254.0 254.0 254.0 254.0 254.0 254.0 254.0 254.0 254.0 254.0 254.0 254.0 254.0 254.0 254.0 254.0 254.0 254.0 254.0 254.0 254.0 254.0 254.0 
9.0 2.0 0.0 25.0 16.0 16.0 0.0 0.0 0.0 0.0 0.0 2.0 2.0 2.0 2.0 9.0 14.0 25.0 10.0 4.0 0.0 0.0 0.0 0.0 0.0 0.0 0.0 0.0 0.0 0.0 0.0 0.0 0.0 13.0 28.0 13.0 13.0 13.0 0.0 0.0 0.0 0.0 0.0 0.0 0.0 0.0 0.0 0.0 2.0 9.0 0.0 0.0 0.0 0.0 0.0 0.0 0.0 0.0 0.0 0.0 0.0 0.0 254.0 254.0 254.0 254.0 254.0 254.0 254.0 254.0 254.0 9.0 254.0 254.0 254.0 254.0 254.0 254.0 254.0 254.0 254.0 254.0 254.0 254.0 254.0 254.0 254.0 254.0 254.0 254.0 254.0 254.0 254.0 254.0 254.0 254.0 254.0 254.0 254.0 254.0 254.0 254.0 254.0 254.0 254.0 254.0 254.0 254.0 254.0 254.0 254.0 254.0 254.0 254.0 254.0 254.0 254.0 254.0 254.0 254.0 
21.0 37.0 23.0 18.0 24.0 23.0 0.0 0.0 0.0 0.0 0.0 2.0 0.0 0.0 0.0 0.0 0.0 0.0 2.0 0.0 0.0 0.0 0.0 0.0 0.0 0.0 0.0 0.0 0.0 0.0 0.0 0.0 16.0 41.0 21.0 21.0 0.0 0.0 0.0 0.0 0.0 0.0 0.0 0.0 0.0 0.0 0.0 0.0 0.0 0.0 0.0 0.0 0.0 0.0 0.0 0.0 0.0 0.0 254.0 254.0 254.0 254.0 254.0 254.0 254.0 254.0 254.0 254.0 254.0 254.0 254.0 254.0 254.0 254.0 254.0 254.0 254.0 254.0 254.0 254.0 254.0 254.0 254.0 254.0 254.0 254.0 254.0 254.0 254.0 254.0 254.0 254.0 254.0 254.0 254.0 254.0 254.0 254.0 254.0 254.0 254.0 254.0 254.0 254.0 254.0 254.0 254.0 254.0 254.0 254.0 254.0 254.0 254.0 254.0 254.0 254.0 254.0 254.0 254.0 254.0 
0.0 2.0 2.0 2.0 2.0 2.0 0.0 0.0 0.0 0.0 0.0 0.0 0.0 0.0 0.0 0.0 0.0 0.0 0.0 0.0 0.0 0.0 0.0 0.0 0.0 0.0 0.0 0.0 0.0 0.0 0.0 0.0 0.0 22.0 22.0 0.0 0.0 0.0 0.0 0.0 0.0 0.0 0.0 0.0 0.0 0.0 0.0 0.0 0.0 0.0 0.0 0.0 11.0 0.0 254.0 254.0 254.0 254.0 254.0 254.0 254.0 254.0 254.0 254.0 254.0 254.0 254.0 254.0 254.0 254.0 254.0 254.0 254.0 254.0 254.0 254.0 254.0 254.0 254.0 254.0 254.0 254.0 254.0 254.0 254.0 254.0 254.0 254.0 254.0 254.0 254.0 254.0 254.0 254.0 254.0 254.0 254.0 254.0 254.0 254.0 254.0 254.0 254.0 254.0 254.0 254.0 254.0 254.0 254.0 254.0 254.0 254.0 254.0 254.0 254.0 254.0 254.0 254.0 254.0 254.0 
0.0 0.0 0.0 0.0 0.0 0.0 0.0 0.0 0.0 0.0 0.0 0.0 0.0 0.0 0.0 0.0 0.0 0.0 0.0 0.0 0.0 0.0 0.0 0.0 0.0 0.0 0.0 0.0 0.0 0.0 0.0 0.0 0.0 0.0 2.0 0.0 0.0 0.0 0.0 0.0 0.0 0.0 0.0 0.0 0.0 0.0 0.0 0.0 0.0 0.0 0.0 0.0 254.0 9.0 254.0 254.0 254.0 254.0 254.0 254.0 254.0 254.0 254.0 254.0 254.0 254.0 254.0 254.0 254.0 254.0 254.0 254.0 254.0 254.0 254.0 254.0 254.0 254.0 254.0 254.0 254.0 254.0 254.0 254.0 254.0 254.0 254.0 254.0 254.0 254.0 254.0 254.0 254.0 254.0 254.0 254.0 254.0 254.0 254.0 254.0 254.0 254.0 254.0 254.0 254.0 254.0 254.0 254.0 254.0 254.0 254.0 254.0 254.0 254.0 254.0 254.0 254.0 254.0 254.0 254.0 
0.0 0.0 0.0 0.0 0.0 0.0 0.0 0.0 0.0 0.0 0.0 0.0 0.0 0.0 0.0 0.0 0.0 0.0 0.0 0.0 0.0 0.0 0.0 0.0 0.0 0.0 0.0 0.0 0.0 0.0 0.0 2.0 0.0 0.0 0.0 0.0 0.0 0.0 0.0 0.0 0.0 0.0 0.0 0.0 0.0 0.0 0.0 254.0 254.0 254.0 254.0 254.0 254.0 254.0 254.0 254.0 254.0 254.0 254.0 254.0 254.0 254.0 254.0 254.0 254.0 254.0 254.0 254.0 254.0 254.0 254.0 254.0 254.0 254.0 254.0 254.0 254.0 254.0 254.0 254.0 254.0 254.0 254.0 254.0 254.0 254.0 254.0 254.0 254.0 254.0 254.0 254.0 254.0 254.0 254.0 254.0 254.0 254.0 254.0 254.0 254.0 254.0 254.0 254.0 254.0 254.0 254.0 254.0 254.0 254.0 254.0 254.0 254.0 254.0 254.0 254.0 254.0 254.0 254.0 254.0 
0.0 0.0 0.0 0.0 0.0 0.0 0.0 0.0 0.0 0.0 0.0 0.0 0.0 0.0 0.0 0.0 0.0 0.0 0.0 0.0 0.0 0.0 0.0 0.0 0.0 0.0 0.0 0.0 0.0 0.0 2.0 2.0 0.0 0.0 0.0 0.0 0.0 0.0 0.0 0.0 0.0 0.0 0.0 0.0 9.0 0.0 0.0 254.0 254.0 254.0 254.0 254.0 254.0 254.0 254.0 254.0 254.0 254.0 254.0 254.0 254.0 254.0 254.0 254.0 254.0 254.0 254.0 254.0 254.0 254.0 254.0 254.0 254.0 254.0 254.0 254.0 254.0 254.0 254.0 254.0 254.0 254.0 254.0 254.0 254.0 254.0 254.0 254.0 254.0 254.0 254.0 254.0 254.0 254.0 254.0 254.0 254.0 254.0 254.0 254.0 254.0 254.0 254.0 254.0 254.0 254.0 254.0 254.0 254.0 254.0 254.0 254.0 254.0 254.0 254.0 254.0 254.0 254.0 254.0 254.0 
0.0 0.0 0.0 0.0 0.0 0.0 0.0 0.0 0.0 0.0 0.0 0.0 0.0 0.0 0.0 0.0 0.0 0.0 0.0 0.0 0.0 0.0 0.0 0.0 0.0 0.0 0.0 0.0 0.0 0.0 2.0 2.0 0.0 0.0 0.0 0.0 0.0 0.0 0.0 0.0 0.0 0.0 0.0 0.0 9.0 0.0 0.0 254.0 254.0 254.0 254.0 254.0 254.0 254.0 254.0 254.0 254.0 254.0 254.0 254.0 254.0 254.0 254.0 254.0 254.0 254.0 254.0 254.0 254.0 254.0 254.0 254.0 254.0 254.0 254.0 254.0 254.0 254.0 254.0 254.0 254.0 254.0 254.0 254.0 254.0 254.0 254.0 254.0 254.0 254.0 254.0 254.0 254.0 254.0 254.0 254.0 254.0 254.0 254.0 254.0 254.0 254.0 254.0 254.0 254.0 254.0 254.0 254.0 254.0 254.0 254.0 254.0 254.0 254.0 254.0 254.0 254.0 254.0 254.0 254.0 
0.0 0.0 15.0 0.0 0.0 0.0 0.0 0.0 0.0 0.0 0.0 0.0 0.0 0.0 0.0 0.0 0.0 0.0 0.0 0.0 0.0 0.0 0.0 0.0 0.0 0.0 0.0 26.0 19.0 0.0 0.0 0.0 0.0 0.0 0.0 0.0 0.0 0.0 0.0 0.0 0.0 0.0 0.0 0.0 0.0 254.0 69.0 254.0 254.0 254.0 254.0 254.0 254.0 254.0 254.0 254.0 254.0 254.0 254.0 254.0 254.0 254.0 254.0 254.0 254.0 254.0 254.0 254.0 254.0 254.0 254.0 254.0 254.0 254.0 254.0 254.0 254.0 254.0 254.0 254.0 254.0 254.0 254.0 254.0 254.0 254.0 254.0 254.0 254.0 254.0 254.0 254.0 254.0 254.0 254.0 254.0 254.0 254.0 254.0 254.0 254.0 254.0 254.0 254.0 254.0 254.0 254.0 254.0 254.0 254.0 254.0 254.0 254.0 254.0 254.0 254.0 254.0 254.0 254.0 254.0 
0.0 0.0 2.0 0.0 0.0 0.0 0.0 0.0 0.0 0.0 0.0 0.0 0.0 0.0 0.0 0.0 0.0 0.0 0.0 0.0 0.0 0.0 0.0 0.0 0.0 0.0 2.0 9.0 11.0 2.0 0.0 0.0 0.0 0.0 0.0 0.0 0.0 0.0 0.0 0.0 0.0 0.0 0.0 9.0 0.0 254.0 254.0 254.0 254.0 254.0 254.0 254.0 254.0 254.0 254.0 254.0 254.0 254.0 254.0 254.0 254.0 254.0 254.0 254.0 254.0 254.0 254.0 254.0 254.0 254.0 254.0 254.0 254.0 254.0 254.0 254.0 254.0 254.0 254.0 254.0 254.0 254.0 254.0 254.0 254.0 254.0 254.0 254.0 254.0 254.0 254.0 254.0 254.0 254.0 254.0 254.0 254.0 254.0 254.0 254.0 254.0 254.0 254.0 254.0 254.0 254.0 254.0 254.0 254.0 254.0 254.0 254.0 254.0 254.0 254.0 254.0 254.0 254.0 254.0 254.0 
0.0 0.0 0.0 0.0 0.0 0.0 0.0 0.0 2.0 0.0 0.0 0.0 0.0 0.0 0.0 0.0 0.0 0.0 0.0 0.0 0.0 2.0 0.0 0.0 0.0 0.0 0.0 0.0 9.0 2.0 0.0 0.0 0.0 0.0 0.0 0.0 2.0 2.0 0.0 0.0 0.0 0.0 0.0 0.0 254.0 254.0 254.0 254.0 254.0 254.0 254.0 254.0 254.0 254.0 254.0 254.0 254.0 254.0 254.0 254.0 254.0 254.0 254.0 254.0 254.0 254.0 254.0 254.0 254.0 254.0 254.0 254.0 254.0 254.0 254.0 254.0 254.0 254.0 254.0 254.0 254.0 254.0 254.0 254.0 254.0 254.0 254.0 254.0 254.0 254.0 254.0 254.0 254.0 254.0 254.0 254.0 254.0 254.0 254.0 254.0 254.0 254.0 254.0 254.0 254.0 254.0 254.0 254.0 254.0 254.0 254.0 254.0 254.0 254.0 254.0 254.0 254.0 254.0 254.0 254.0 
0.0 0.0 0.0 9.0 0.0 0.0 0.0 0.0 0.0 0.0 0.0 0.0 0.0 0.0 0.0 0.0 0.0 0.0 0.0 0.0 0.0 0.0 0.0 0.0 0.0 0.0 0.0 0.0 0.0 0.0 0.0 0.0 0.0 0.0 0.0 0.0 0.0 0.0 0.0 0.0 0.0 0.0 0.0 254.0 254.0 254.0 254.0 254.0 254.0 254.0 254.0 254.0 254.0 254.0 254.0 254.0 254.0 254.0 254.0 254.0 254.0 254.0 254.0 254.0 254.0 254.0 254.0 254.0 254.0 254.0 254.0 254.0 254.0 254.0 254.0 254.0 254.0 254.0 254.0 254.0 254.0 254.0 254.0 254.0 254.0 254.0 254.0 254.0 254.0 254.0 254.0 254.0 254.0 254.0 254.0 254.0 254.0 254.0 254.0 254.0 254.0 254.0 254.0 254.0 254.0 254.0 254.0 254.0 254.0 254.0 254.0 254.0 254.0 254.0 254.0 254.0 254.0 254.0 254.0 254.0 
0.0 0.0 0.0 0.0 0.0 0.0 0.0 0.0 0.0 0.0 0.0 0.0 0.0 0.0 0.0 0.0 0.0 0.0 0.0 0.0 0.0 0.0 0.0 0.0 0.0 0.0 0.0 0.0 0.0 0.0 0.0 0.0 0.0 0.0 0.0 0.0 0.0 0.0 0.0 254.0 254.0 254.0 254.0 254.0 254.0 254.0 254.0 254.0 254.0 254.0 254.0 254.0 254.0 254.0 254.0 254.0 254.0 254.0 254.0 254.0 254.0 254.0 254.0 254.0 254.0 254.0 254.0 254.0 254.0 254.0 254.0 254.0 254.0 254.0 254.0 254.0 254.0 254.0 254.0 254.0 254.0 254.0 254.0 254.0 254.0 254.0 254.0 254.0 254.0 254.0 254.0 254.0 254.0 254.0 254.0 254.0 254.0 254.0 254.0 254.0 254.0 254.0 254.0 254.0 254.0 254.0 254.0 254.0 254.0 254.0 254.0 254.0 254.0 254.0 254.0 254.0 254.0 254.0 254.0 254.0 
0.0 0.0 0.0 0.0 0.0 0.0 0.0 0.0 0.0 0.0 0.0 0.0 0.0 0.0 0.0 0.0 0.0 0.0 0.0 0.0 0.0 0.0 0.0 0.0 0.0 0.0 0.0 0.0 0.0 0.0 0.0 0.0 0.0 0.0 0.0 0.0 254.0 254.0 254.0 254.0 254.0 254.0 254.0 254.0 254.0 254.0 254.0 254.0 254.0 254.0 254.0 254.0 254.0 254.0 254.0 254.0 254.0 254.0 254.0 254.0 254.0 254.0 254.0 254.0 254.0 254.0 254.0 254.0 254.0 254.0 254.0 254.0 254.0 254.0 254.0 254.0 254.0 254.0 254.0 254.0 254.0 254.0 254.0 254.0 254.0 254.0 254.0 254.0 254.0 254.0 254.0 254.0 254.0 254.0 254.0 254.0 254.0 254.0 254.0 254.0 254.0 254.0 254.0 254.0 254.0 254.0 254.0 254.0 254.0 254.0 254.0 254.0 254.0 254.0 254.0 254.0 254.0 254.0 254.0 254.0 
0.0 0.0 0.0 0.0 0.0 0.0 0.0 0.0 0.0 0.0 0.0 0.0 0.0 0.0 0.0 0.0 0.0 0.0 0.0 0.0 0.0 0.0 0.0 0.0 0.0 0.0 0.0 0.0 0.0 0.0 0.0 9.0 0.0 4.0 2.0 2.0 254.0 254.0 254.0 254.0 254.0 254.0 254.0 254.0 254.0 254.0 254.0 254.0 254.0 254.0 254.0 254.0 254.0 254.0 254.0 254.0 254.0 254.0 254.0 254.0 254.0 254.0 254.0 254.0 254.0 254.0 254.0 254.0 254.0 254.0 254.0 254.0 254.0 254.0 254.0 254.0 254.0 254.0 254.0 254.0 254.0 254.0 254.0 254.0 254.0 254.0 254.0 254.0 254.0 254.0 254.0 254.0 254.0 254.0 254.0 254.0 254.0 254.0 254.0 254.0 254.0 254.0 254.0 254.0 254.0 254.0 254.0 254.0 254.0 254.0 254.0 254.0 254.0 254.0 254.0 254.0 254.0 254.0 254.0 254.0 
0.0 0.0 0.0 0.0 0.0 0.0 0.0 0.0 0.0 0.0 0.0 0.0 0.0 0.0 0.0 0.0 0.0 0.0 0.0 0.0 0.0 0.0 0.0 0.0 0.0 0.0 0.0 0.0 0.0 0.0 0.0 0.0 6.0 254.0 254.0 254.0 254.0 254.0 254.0 254.0 254.0 254.0 254.0 254.0 254.0 254.0 254.0 254.0 254.0 254.0 254.0 254.0 254.0 254.0 254.0 254.0 254.0 254.0 254.0 254.0 254.0 254.0 254.0 254.0 254.0 254.0 254.0 254.0 254.0 254.0 254.0 254.0 254.0 254.0 254.0 254.0 254.0 254.0 254.0 254.0 254.0 254.0 254.0 254.0 254.0 254.0 254.0 254.0 254.0 254.0 254.0 254.0 254.0 254.0 254.0 254.0 254.0 254.0 254.0 254.0 254.0 254.0 254.0 254.0 254.0 254.0 254.0 254.0 254.0 254.0 254.0 254.0 254.0 254.0 254.0 254.0 254.0 254.0 254.0 254.0 
15.0 0.0 0.0 0.0 0.0 0.0 0.0 0.0 0.0 0.0 0.0 0.0 0.0 0.0 0.0 0.0 0.0 0.0 0.0 0.0 0.0 0.0 0.0 0.0 0.0 0.0 0.0 0.0 0.0 0.0 0.0 0.0 254.0 254.0 254.0 254.0 254.0 254.0 254.0 254.0 254.0 254.0 254.0 254.0 254.0 254.0 254.0 254.0 254.0 254.0 254.0 254.0 254.0 254.0 254.0 254.0 254.0 254.0 254.0 254.0 254.0 254.0 254.0 254.0 254.0 254.0 254.0 254.0 254.0 254.0 254.0 254.0 254.0 254.0 254.0 254.0 254.0 254.0 254.0 254.0 254.0 254.0 254.0 254.0 254.0 254.0 254.0 254.0 254.0 254.0 254.0 254.0 254.0 254.0 254.0 254.0 254.0 254.0 254.0 254.0 254.0 254.0 254.0 254.0 254.0 254.0 254.0 254.0 254.0 254.0 254.0 254.0 254.0 254.0 254.0 254.0 254.0 254.0 254.0 254.0 
0.0 18.0 254.0 0.0 0.0 0.0 0.0 0.0 0.0 0.0 0.0 0.0 0.0 0.0 0.0 0.0 0.0 0.0 0.0 0.0 0.0 254.0 254.0 254.0 254.0 0.0 0.0 0.0 254.0 254.0 254.0 254.0 254.0 254.0 254.0 254.0 254.0 254.0 254.0 254.0 254.0 254.0 254.0 254.0 254.0 254.0 254.0 254.0 254.0 254.0 254.0 254.0 254.0 254.0 254.0 254.0 254.0 254.0 254.0 254.0 254.0 254.0 254.0 254.0 254.0 254.0 254.0 254.0 254.0 254.0 254.0 254.0 254.0 254.0 254.0 254.0 254.0 254.0 254.0 254.0 254.0 254.0 254.0 254.0 254.0 254.0 254.0 254.0 254.0 254.0 254.0 254.0 254.0 254.0 254.0 254.0 254.0 254.0 254.0 254.0 254.0 254.0 254.0 254.0 254.0 254.0 254.0 254.0 254.0 254.0 254.0 254.0 254.0 254.0 254.0 254.0 254.0 254.0 254.0 254.0 
254.0 0.0 254.0 0.0 0.0 0.0 0.0 0.0 0.0 0.0 0.0 0.0 0.0 0.0 0.0 0.0 0.0 0.0 0.0 254.0 0.0 254.0 254.0 254.0 254.0 53.0 53.0 254.0 254.0 254.0 254.0 254.0 254.0 254.0 254.0 254.0 254.0 254.0 254.0 254.0 254.0 254.0 254.0 254.0 254.0 254.0 254.0 254.0 254.0 254.0 254.0 254.0 254.0 254.0 254.0 254.0 254.0 254.0 254.0 254.0 254.0 254.0 254.0 254.0 254.0 254.0 254.0 254.0 254.0 254.0 254.0 254.0 254.0 254.0 254.0 254.0 254.0 254.0 254.0 254.0 254.0 254.0 254.0 254.0 254.0 254.0 254.0 254.0 254.0 254.0 254.0 254.0 254.0 254.0 254.0 254.0 254.0 254.0 254.0 254.0 254.0 254.0 254.0 254.0 254.0 254.0 254.0 254.0 254.0 254.0 254.0 254.0 254.0 254.0 254.0 254.0 254.0 254.0 254.0 254.0 
254.0 254.0 0.0 0.0 0.0 0.0 0.0 254.0 254.0 254.0 254.0 0.0 0.0 254.0 254.0 0.0 43.0 254.0 57.0 254.0 254.0 254.0 254.0 254.0 254.0 254.0 254.0 254.0 254.0 254.0 254.0 254.0 254.0 254.0 254.0 254.0 254.0 254.0 254.0 254.0 254.0 254.0 254.0 254.0 254.0 254.0 254.0 254.0 254.0 254.0 254.0 254.0 254.0 254.0 254.0 254.0 254.0 254.0 254.0 254.0 254.0 254.0 254.0 254.0 254.0 254.0 254.0 254.0 254.0 254.0 254.0 254.0 254.0 254.0 254.0 254.0 254.0 254.0 254.0 254.0 254.0 254.0 254.0 254.0 254.0 254.0 254.0 254.0 254.0 254.0 254.0 254.0 254.0 254.0 254.0 254.0 254.0 254.0 254.0 254.0 254.0 254.0 254.0 254.0 254.0 254.0 254.0 254.0 254.0 254.0 254.0 254.0 254.0 254.0 254.0 254.0 254.0 254.0 254.0 254.0 
