7.0 13.0 13.0 13.0 7.0 7.0 7.0 7.0 7.0 7.0 7.0 7.0 7.0 7.0 7.0 7.0 7.0 7.0 7.0 7.0 7.0 7.0 7.0 7.0 7.0 7.0 7.0 7.0 7.0 7.0 7.0 7.0 7.0 7.0 7.0 7.0 7.0 7.0 7.0 7.0 7.0 7.0 7.0 7.0 7.0 7.0 7.0 7.0 7.0 7.0 7.0 7.0 7.0 7.0 7.0 7.0 7.0 7.0 7.0 7.0 7.0 7.0 7.0 7.0 7.0 7.0 7.0 7.0 7.0 7.0 7.0 7.0 7.0 7.0 7.0 7.0 7.0 7.0 7.0 13.0 7.0 7.0 7.0 7.0 13.0 7.0 7.0 7.0 7.0 7.0 7.0 7.0 7.0 7.0 13.0 7.0 7.0 13.0 13.0 13.0 13.0 13.0 13.0 13.0 7.0 7.0 7.0 7.0 7.0 7.0 7.0 11.0 11.0 11.0 11.0 11.0 11.0 11.0 13.0 13.0 
7.0 13.0 7.0 7.0 7.0 6.0 7.0 7.0 6.0 7.0 7.0 7.0 7.0 7.0 7.0 7.0 7.0 7.0 7.0 7.0 7.0 7.0 7.0 7.0 7.0 7.0 7.0 7.0 7.0 7.0 7.0 7.0 7.0 7.0 7.0 7.0 7.0 7.0 7.0 7.0 7.0 7.0 7.0 7.0 7.0 7.0 7.0 7.0 7.0 7.0 7.0 7.0 7.0 7.0 7.0 7.0 7.0 7.0 7.0 7.0 7.0 7.0 7.0 7.0 13.0 13.0 13.0 13.0 7.0 6.0 6.0 7.0 7.0 7.0 7.0 7.0 7.0 7.0 7.0 13.0 13.0 13.0 13.0 7.0 7.0 7.0 7.0 7.0 7.0 7.0 7.0 7.0 7.0 7.0 7.0 7.0 7.0 7.0 7.0 13.0 7.0 11.0 11.0 13.0 7.0 7.0 7.0 7.0 7.0 7.0 7.0 7.0 11.0 11.0 11.0 11.0 11.0 11.0 11.0 11.0 
7.0 7.0 6.0 7.0 7.0 7.0 7.0 7.0 7.0 7.0 7.0 7.0 7.0 7.0 7.0 7.0 7.0 7.0 7.0 7.0 7.0 7.0 13.0 7.0 7.0 7.0 7.0 7.0 7.0 7.0 7.0 7.0 7.0 7.0 7.0 7.0 7.0 7.0 7.0 7.0 13.0 7.0 7.0 7.0 7.0 7.0 7.0 7.0 7.0 7.0 7.0 7.0 7.0 7.0 7.0 7.0 7.0 7.0 7.0 7.0 7.0 7.0 7.0 7.0 7.0 7.0 7.0 7.0 7.0 6.0 7.0 7.0 7.0 7.0 7.0 7.0 7.0 13.0 13.0 13.0 13.0 13.0 13.0 13.0 13.0 7.0 7.0 7.0 7.0 7.0 13.0 7.0 7.0 7.0 7.0 7.0 3.0 3.0 7.0 7.0 7.0 13.0 13.0 11.0 11.0 11.0 7.0 3.0 6.0 6.0 6.0 6.0 11.0 7.0 11.0 11.0 11.0 11.0 11.0 11.0 
7.0 6.0 6.0 6.0 6.0 13.0 7.0 7.0 7.0 7.0 7.0 7.0 7.0 7.0 7.0 7.0 7.0 7.0 7.0 7.0 7.0 7.0 7.0 7.0 7.0 7.0 7.0 7.0 7.0 7.0 7.0 7.0 7.0 7.0 7.0 7.0 7.0 7.0 7.0 13.0 7.0 7.0 7.0 7.0 7.0 7.0 7.0 7.0 7.0 7.0 7.0 7.0 7.0 7.0 7.0 13.0 7.0 7.0 7.0 7.0 7.0 7.0 7.0 7.0 7.0 7.0 7.0 7.0 7.0 7.0 7.0 7.0 7.0 7.0 7.0 7.0 13.0 13.0 13.0 13.0 13.0 13.0 13.0 13.0 13.0 7.0 7.0 7.0 7.0 7.0 12.0 6.0 6.0 7.0 7.0 3.0 3.0 7.0 7.0 6.0 7.0 7.0 7.0 7.0 11.0 11.0 7.0 3.0 7.0 6.0 11.0 11.0 7.0 11.0 11.0 11.0 11.0 13.0 13.0 13.0 
6.0 7.0 6.0 7.0 7.0 13.0 7.0 7.0 7.0 7.0 7.0 7.0 7.0 7.0 7.0 7.0 7.0 7.0 7.0 7.0 7.0 7.0 13.0 7.0 7.0 7.0 7.0 7.0 7.0 7.0 7.0 7.0 7.0 7.0 7.0 7.0 7.0 7.0 7.0 7.0 7.0 7.0 13.0 13.0 7.0 7.0 7.0 7.0 7.0 7.0 7.0 7.0 7.0 7.0 7.0 13.0 13.0 7.0 7.0 7.0 7.0 7.0 7.0 7.0 7.0 7.0 7.0 7.0 7.0 7.0 7.0 7.0 7.0 7.0 7.0 7.0 13.0 13.0 13.0 7.0 7.0 7.0 13.0 13.0 13.0 11.0 7.0 7.0 7.0 7.0 11.0 7.0 7.0 7.0 3.0 3.0 3.0 3.0 7.0 6.0 6.0 7.0 7.0 7.0 11.0 11.0 6.0 3.0 3.0 6.0 7.0 7.0 13.0 11.0 11.0 11.0 11.0 11.0 11.0 11.0 
7.0 7.0 7.0 7.0 7.0 7.0 6.0 7.0 13.0 7.0 7.0 7.0 7.0 7.0 7.0 7.0 7.0 7.0 7.0 7.0 7.0 7.0 7.0 7.0 7.0 7.0 7.0 6.0 6.0 7.0 7.0 7.0 7.0 7.0 7.0 7.0 7.0 7.0 7.0 7.0 7.0 7.0 7.0 7.0 7.0 7.0 7.0 7.0 7.0 7.0 7.0 7.0 7.0 7.0 7.0 7.0 7.0 7.0 7.0 7.0 7.0 7.0 7.0 7.0 7.0 7.0 7.0 13.0 7.0 7.0 7.0 7.0 7.0 7.0 7.0 13.0 7.0 7.0 7.0 7.0 7.0 11.0 11.0 13.0 13.0 13.0 7.0 7.0 7.0 7.0 7.0 7.0 7.0 13.0 3.0 3.0 7.0 3.0 3.0 3.0 7.0 7.0 7.0 7.0 11.0 11.0 6.0 3.0 3.0 6.0 7.0 7.0 7.0 7.0 11.0 11.0 11.0 11.0 11.0 11.0 
6.0 7.0 7.0 6.0 6.0 6.0 6.0 7.0 7.0 7.0 7.0 7.0 7.0 6.0 7.0 6.0 7.0 7.0 7.0 6.0 7.0 7.0 7.0 7.0 7.0 7.0 7.0 7.0 7.0 7.0 7.0 7.0 7.0 7.0 7.0 7.0 7.0 7.0 7.0 7.0 7.0 7.0 7.0 7.0 7.0 7.0 7.0 7.0 7.0 7.0 7.0 7.0 7.0 7.0 7.0 7.0 7.0 7.0 7.0 7.0 6.0 7.0 7.0 7.0 7.0 7.0 7.0 7.0 7.0 7.0 7.0 7.0 7.0 7.0 7.0 7.0 7.0 7.0 7.0 13.0 13.0 13.0 13.0 13.0 11.0 7.0 7.0 7.0 13.0 13.0 7.0 7.0 7.0 7.0 7.0 7.0 7.0 3.0 7.0 7.0 11.0 11.0 11.0 11.0 7.0 7.0 7.0 7.0 7.0 7.0 7.0 7.0 7.0 7.0 11.0 11.0 11.0 11.0 11.0 11.0 
6.0 7.0 7.0 6.0 6.0 6.0 6.0 7.0 7.0 7.0 7.0 7.0 7.0 6.0 7.0 6.0 7.0 7.0 7.0 6.0 7.0 7.0 7.0 7.0 7.0 7.0 7.0 7.0 7.0 7.0 7.0 7.0 7.0 7.0 7.0 7.0 7.0 7.0 7.0 7.0 7.0 7.0 7.0 7.0 7.0 7.0 7.0 7.0 7.0 7.0 7.0 7.0 7.0 7.0 7.0 7.0 7.0 7.0 7.0 7.0 6.0 7.0 7.0 7.0 7.0 7.0 7.0 7.0 7.0 7.0 7.0 7.0 7.0 7.0 7.0 7.0 7.0 7.0 7.0 13.0 13.0 13.0 13.0 13.0 11.0 7.0 7.0 7.0 13.0 13.0 7.0 7.0 7.0 7.0 7.0 7.0 7.0 3.0 7.0 7.0 11.0 11.0 11.0 11.0 7.0 7.0 7.0 7.0 7.0 7.0 7.0 7.0 7.0 7.0 11.0 11.0 11.0 11.0 11.0 11.0 
7.0 7.0 6.0 6.0 6.0 13.0 7.0 7.0 6.0 7.0 7.0 6.0 6.0 7.0 6.0 6.0 7.0 6.0 7.0 6.0 6.0 7.0 7.0 7.0 7.0 7.0 7.0 7.0 7.0 7.0 7.0 7.0 7.0 7.0 7.0 7.0 7.0 7.0 7.0 7.0 7.0 7.0 7.0 7.0 7.0 7.0 7.0 7.0 7.0 7.0 7.0 7.0 7.0 7.0 7.0 7.0 7.0 7.0 7.0 7.0 7.0 7.0 7.0 7.0 7.0 7.0 7.0 7.0 7.0 7.0 7.0 7.0 7.0 7.0 7.0 7.0 7.0 13.0 13.0 13.0 13.0 13.0 13.0 7.0 7.0 13.0 13.0 13.0 13.0 13.0 13.0 7.0 7.0 6.0 6.0 6.0 6.0 7.0 7.0 7.0 11.0 11.0 11.0 11.0 11.0 11.0 11.0 6.0 7.0 6.0 6.0 11.0 11.0 11.0 7.0 12.0 12.0 11.0 11.0 11.0 
6.0 6.0 7.0 6.0 6.0 6.0 7.0 7.0 6.0 7.0 7.0 7.0 6.0 6.0 7.0 6.0 6.0 6.0 6.0 6.0 6.0 6.0 7.0 7.0 7.0 7.0 6.0 6.0 7.0 7.0 7.0 7.0 7.0 7.0 7.0 7.0 7.0 7.0 7.0 7.0 7.0 7.0 7.0 7.0 7.0 7.0 7.0 7.0 7.0 7.0 7.0 7.0 7.0 7.0 7.0 7.0 7.0 7.0 7.0 7.0 7.0 7.0 7.0 7.0 7.0 7.0 7.0 7.0 7.0 7.0 7.0 7.0 7.0 7.0 7.0 7.0 13.0 13.0 13.0 7.0 13.0 13.0 13.0 7.0 13.0 13.0 13.0 13.0 13.0 13.0 13.0 7.0 7.0 7.0 7.0 7.0 6.0 6.0 7.0 11.0 11.0 11.0 11.0 11.0 11.0 11.0 11.0 11.0 6.0 6.0 6.0 11.0 11.0 11.0 11.0 11.0 11.0 11.0 13.0 13.0 
6.0 7.0 7.0 7.0 6.0 6.0 6.0 7.0 6.0 6.0 6.0 6.0 7.0 7.0 7.0 6.0 6.0 6.0 6.0 6.0 7.0 7.0 6.0 6.0 6.0 6.0 7.0 6.0 7.0 7.0 7.0 7.0 7.0 7.0 7.0 7.0 7.0 7.0 7.0 7.0 7.0 7.0 7.0 7.0 7.0 7.0 13.0 13.0 7.0 7.0 7.0 7.0 7.0 7.0 7.0 7.0 7.0 7.0 7.0 7.0 7.0 7.0 7.0 7.0 7.0 7.0 7.0 7.0 7.0 7.0 7.0 7.0 7.0 7.0 7.0 7.0 13.0 13.0 13.0 13.0 13.0 7.0 7.0 7.0 7.0 7.0 13.0 13.0 13.0 7.0 7.0 7.0 7.0 7.0 7.0 7.0 7.0 6.0 7.0 11.0 11.0 11.0 11.0 11.0 11.0 11.0 11.0 11.0 11.0 11.0 11.0 11.0 7.0 7.0 11.0 11.0 11.0 11.0 13.0 13.0 
6.0 6.0 7.0 7.0 6.0 6.0 7.0 7.0 7.0 6.0 6.0 7.0 7.0 7.0 7.0 7.0 7.0 7.0 6.0 7.0 7.0 6.0 7.0 6.0 6.0 6.0 6.0 6.0 7.0 7.0 7.0 7.0 7.0 7.0 7.0 7.0 7.0 7.0 7.0 7.0 7.0 7.0 7.0 7.0 7.0 7.0 7.0 7.0 7.0 7.0 7.0 7.0 7.0 7.0 7.0 7.0 7.0 7.0 7.0 7.0 7.0 7.0 7.0 7.0 7.0 7.0 7.0 7.0 7.0 7.0 7.0 7.0 7.0 7.0 7.0 7.0 7.0 13.0 13.0 13.0 11.0 7.0 7.0 7.0 7.0 13.0 13.0 13.0 13.0 13.0 13.0 13.0 13.0 13.0 7.0 7.0 11.0 7.0 11.0 11.0 11.0 11.0 11.0 11.0 11.0 11.0 11.0 11.0 11.0 11.0 7.0 7.0 7.0 7.0 7.0 7.0 7.0 11.0 7.0 7.0 
7.0 7.0 6.0 6.0 7.0 6.0 7.0 6.0 6.0 7.0 7.0 7.0 7.0 6.0 7.0 7.0 7.0 7.0 6.0 6.0 7.0 7.0 7.0 7.0 7.0 6.0 7.0 6.0 6.0 7.0 7.0 7.0 7.0 7.0 7.0 7.0 7.0 7.0 7.0 7.0 7.0 7.0 7.0 7.0 7.0 7.0 7.0 7.0 7.0 7.0 7.0 7.0 7.0 7.0 7.0 7.0 7.0 7.0 7.0 7.0 7.0 7.0 7.0 7.0 7.0 7.0 7.0 7.0 7.0 7.0 7.0 7.0 7.0 13.0 13.0 7.0 7.0 7.0 7.0 13.0 13.0 13.0 13.0 13.0 13.0 13.0 13.0 7.0 7.0 7.0 11.0 11.0 11.0 13.0 11.0 11.0 11.0 11.0 7.0 7.0 11.0 11.0 11.0 11.0 11.0 11.0 11.0 11.0 11.0 11.0 7.0 7.0 7.0 7.0 7.0 7.0 11.0 13.0 7.0 7.0 
7.0 7.0 6.0 6.0 7.0 6.0 6.0 7.0 6.0 13.0 13.0 7.0 6.0 7.0 7.0 7.0 7.0 7.0 7.0 6.0 7.0 7.0 7.0 7.0 7.0 7.0 6.0 6.0 7.0 7.0 7.0 7.0 7.0 7.0 7.0 7.0 7.0 7.0 7.0 7.0 7.0 7.0 7.0 7.0 7.0 7.0 7.0 7.0 7.0 7.0 7.0 7.0 7.0 7.0 7.0 7.0 7.0 7.0 7.0 7.0 7.0 7.0 7.0 13.0 13.0 13.0 7.0 7.0 7.0 7.0 13.0 7.0 7.0 13.0 7.0 7.0 7.0 7.0 7.0 7.0 13.0 13.0 13.0 13.0 13.0 13.0 13.0 7.0 7.0 11.0 11.0 11.0 11.0 11.0 11.0 11.0 11.0 11.0 11.0 11.0 11.0 11.0 11.0 11.0 11.0 11.0 11.0 11.0 11.0 11.0 7.0 7.0 3.0 3.0 7.0 7.0 7.0 13.0 7.0 7.0 
6.0 6.0 7.0 6.0 6.0 6.0 6.0 6.0 13.0 13.0 13.0 7.0 6.0 6.0 6.0 7.0 6.0 6.0 6.0 6.0 6.0 6.0 7.0 6.0 6.0 6.0 7.0 6.0 7.0 7.0 6.0 6.0 7.0 7.0 7.0 7.0 7.0 7.0 7.0 6.0 7.0 7.0 7.0 7.0 7.0 7.0 7.0 7.0 7.0 7.0 7.0 7.0 7.0 7.0 7.0 7.0 7.0 7.0 7.0 7.0 7.0 7.0 7.0 13.0 13.0 13.0 7.0 7.0 7.0 7.0 7.0 7.0 7.0 7.0 7.0 13.0 7.0 7.0 7.0 13.0 13.0 13.0 13.0 13.0 11.0 7.0 7.0 11.0 11.0 11.0 11.0 11.0 11.0 11.0 11.0 11.0 11.0 11.0 11.0 7.0 12.0 11.0 11.0 11.0 11.0 11.0 11.0 11.0 7.0 7.0 3.0 3.0 7.0 7.0 6.0 7.0 11.0 11.0 12.0 12.0 
6.0 6.0 6.0 7.0 7.0 6.0 6.0 6.0 7.0 7.0 7.0 7.0 7.0 6.0 6.0 6.0 6.0 6.0 6.0 6.0 7.0 7.0 7.0 6.0 6.0 6.0 6.0 6.0 6.0 6.0 6.0 6.0 7.0 6.0 6.0 6.0 6.0 6.0 6.0 6.0 7.0 7.0 7.0 7.0 7.0 7.0 7.0 7.0 7.0 7.0 7.0 7.0 7.0 7.0 7.0 7.0 7.0 7.0 7.0 7.0 7.0 7.0 13.0 13.0 13.0 13.0 13.0 13.0 13.0 7.0 7.0 7.0 7.0 7.0 7.0 13.0 7.0 13.0 13.0 13.0 13.0 13.0 13.0 13.0 11.0 11.0 11.0 11.0 11.0 11.0 11.0 11.0 11.0 11.0 11.0 11.0 11.0 11.0 11.0 11.0 12.0 12.0 11.0 11.0 11.0 11.0 11.0 11.0 7.0 6.0 7.0 3.0 6.0 6.0 7.0 7.0 11.0 11.0 7.0 7.0 
6.0 6.0 7.0 7.0 7.0 7.0 6.0 7.0 6.0 7.0 7.0 7.0 7.0 7.0 6.0 6.0 6.0 6.0 6.0 6.0 6.0 6.0 7.0 6.0 6.0 6.0 6.0 7.0 7.0 6.0 6.0 6.0 7.0 7.0 7.0 7.0 6.0 6.0 6.0 6.0 7.0 7.0 7.0 7.0 7.0 7.0 6.0 7.0 7.0 7.0 7.0 7.0 7.0 7.0 7.0 7.0 7.0 7.0 7.0 7.0 7.0 7.0 13.0 13.0 13.0 13.0 13.0 13.0 13.0 7.0 7.0 7.0 7.0 7.0 7.0 7.0 7.0 7.0 7.0 7.0 7.0 7.0 11.0 11.0 11.0 7.0 7.0 7.0 7.0 7.0 11.0 11.0 11.0 11.0 11.0 11.0 11.0 11.0 11.0 11.0 12.0 12.0 11.0 11.0 11.0 11.0 7.0 7.0 7.0 3.0 7.0 7.0 7.0 7.0 7.0 11.0 11.0 11.0 12.0 12.0 
6.0 7.0 7.0 7.0 7.0 6.0 6.0 6.0 6.0 6.0 6.0 6.0 6.0 6.0 6.0 6.0 6.0 6.0 6.0 6.0 6.0 6.0 6.0 6.0 6.0 6.0 7.0 7.0 7.0 6.0 7.0 6.0 6.0 7.0 6.0 6.0 7.0 7.0 7.0 7.0 7.0 7.0 7.0 7.0 7.0 7.0 7.0 7.0 7.0 7.0 7.0 7.0 7.0 7.0 7.0 7.0 7.0 7.0 13.0 7.0 7.0 7.0 7.0 13.0 13.0 13.0 13.0 13.0 7.0 7.0 7.0 7.0 7.0 7.0 13.0 13.0 7.0 7.0 7.0 7.0 7.0 7.0 7.0 11.0 11.0 11.0 11.0 11.0 11.0 11.0 11.0 7.0 7.0 11.0 11.0 12.0 12.0 11.0 11.0 11.0 12.0 11.0 11.0 11.0 11.0 11.0 7.0 7.0 7.0 7.0 7.0 7.0 7.0 7.0 6.0 7.0 7.0 7.0 7.0 7.0 
6.0 6.0 6.0 7.0 7.0 6.0 7.0 6.0 7.0 6.0 6.0 6.0 6.0 6.0 6.0 6.0 6.0 6.0 7.0 7.0 7.0 6.0 6.0 6.0 6.0 6.0 6.0 6.0 6.0 6.0 6.0 6.0 7.0 7.0 6.0 6.0 7.0 7.0 6.0 7.0 7.0 6.0 7.0 7.0 7.0 7.0 7.0 7.0 7.0 7.0 7.0 7.0 7.0 7.0 7.0 7.0 7.0 7.0 7.0 7.0 7.0 7.0 7.0 7.0 7.0 7.0 7.0 13.0 7.0 12.0 7.0 7.0 7.0 7.0 7.0 7.0 7.0 7.0 7.0 7.0 7.0 7.0 7.0 7.0 11.0 7.0 7.0 7.0 11.0 11.0 7.0 11.0 11.0 12.0 11.0 11.0 11.0 11.0 11.0 7.0 12.0 12.0 12.0 11.0 11.0 11.0 7.0 6.0 3.0 7.0 7.0 7.0 7.0 6.0 11.0 11.0 7.0 7.0 7.0 7.0 
6.0 6.0 6.0 6.0 6.0 6.0 6.0 7.0 7.0 7.0 7.0 6.0 6.0 6.0 6.0 6.0 6.0 6.0 6.0 6.0 6.0 6.0 6.0 6.0 6.0 6.0 6.0 6.0 6.0 6.0 6.0 6.0 7.0 7.0 6.0 7.0 7.0 7.0 6.0 7.0 7.0 7.0 7.0 7.0 7.0 7.0 7.0 7.0 7.0 7.0 7.0 7.0 13.0 7.0 7.0 7.0 7.0 13.0 13.0 13.0 13.0 13.0 13.0 13.0 7.0 7.0 13.0 13.0 7.0 7.0 7.0 7.0 7.0 11.0 13.0 7.0 7.0 7.0 7.0 7.0 7.0 11.0 11.0 18.0 11.0 7.0 11.0 11.0 11.0 11.0 11.0 11.0 11.0 11.0 11.0 11.0 11.0 11.0 11.0 12.0 20.0 12.0 12.0 7.0 11.0 11.0 11.0 6.0 7.0 3.0 3.0 7.0 3.0 7.0 7.0 7.0 13.0 6.0 6.0 6.0 
6.0 6.0 6.0 6.0 6.0 7.0 7.0 6.0 6.0 7.0 7.0 7.0 7.0 6.0 6.0 6.0 6.0 6.0 6.0 6.0 7.0 6.0 6.0 6.0 6.0 6.0 6.0 6.0 6.0 6.0 6.0 7.0 7.0 7.0 7.0 7.0 7.0 7.0 7.0 7.0 6.0 6.0 7.0 7.0 7.0 7.0 7.0 7.0 7.0 7.0 7.0 7.0 13.0 13.0 7.0 13.0 13.0 13.0 13.0 13.0 13.0 13.0 13.0 13.0 13.0 13.0 13.0 11.0 12.0 12.0 11.0 20.0 11.0 11.0 13.0 7.0 7.0 7.0 7.0 7.0 7.0 7.0 7.0 18.0 11.0 7.0 7.0 11.0 11.0 11.0 11.0 11.0 11.0 11.0 11.0 7.0 7.0 11.0 11.0 7.0 7.0 7.0 7.0 7.0 7.0 7.0 11.0 7.0 7.0 7.0 7.0 7.0 7.0 7.0 7.0 7.0 7.0 7.0 7.0 7.0 
6.0 6.0 6.0 6.0 6.0 7.0 7.0 6.0 6.0 7.0 7.0 7.0 7.0 6.0 6.0 6.0 6.0 6.0 6.0 6.0 7.0 6.0 6.0 6.0 6.0 6.0 6.0 6.0 6.0 6.0 6.0 7.0 7.0 7.0 7.0 7.0 7.0 7.0 7.0 7.0 6.0 6.0 7.0 7.0 7.0 7.0 7.0 7.0 7.0 7.0 7.0 7.0 13.0 13.0 7.0 13.0 13.0 13.0 13.0 13.0 13.0 13.0 13.0 13.0 13.0 13.0 13.0 11.0 12.0 12.0 11.0 20.0 11.0 11.0 13.0 7.0 7.0 7.0 7.0 7.0 7.0 7.0 7.0 18.0 11.0 7.0 7.0 11.0 11.0 11.0 11.0 11.0 11.0 11.0 11.0 7.0 7.0 11.0 11.0 7.0 7.0 7.0 7.0 7.0 7.0 7.0 11.0 7.0 7.0 7.0 7.0 7.0 7.0 7.0 7.0 7.0 7.0 7.0 7.0 7.0 
7.0 6.0 6.0 7.0 7.0 7.0 7.0 7.0 6.0 6.0 6.0 6.0 6.0 6.0 6.0 7.0 6.0 6.0 6.0 7.0 6.0 7.0 7.0 6.0 6.0 6.0 7.0 6.0 6.0 7.0 6.0 7.0 7.0 7.0 7.0 7.0 7.0 7.0 7.0 7.0 7.0 7.0 7.0 7.0 7.0 7.0 7.0 7.0 7.0 7.0 7.0 7.0 7.0 13.0 13.0 13.0 13.0 13.0 13.0 13.0 13.0 13.0 13.0 13.0 13.0 13.0 12.0 13.0 7.0 7.0 3.0 20.0 11.0 7.0 12.0 7.0 7.0 7.0 7.0 12.0 7.0 7.0 7.0 7.0 11.0 11.0 11.0 12.0 11.0 11.0 11.0 11.0 11.0 11.0 11.0 11.0 7.0 11.0 7.0 12.0 7.0 7.0 20.0 20.0 7.0 7.0 7.0 7.0 7.0 6.0 7.0 7.0 7.0 6.0 12.0 7.0 7.0 6.0 12.0 12.0 
7.0 7.0 7.0 6.0 6.0 7.0 7.0 7.0 7.0 6.0 6.0 6.0 6.0 7.0 7.0 6.0 6.0 6.0 6.0 6.0 6.0 6.0 6.0 7.0 7.0 7.0 7.0 7.0 7.0 7.0 7.0 7.0 7.0 7.0 7.0 7.0 7.0 7.0 7.0 7.0 7.0 7.0 7.0 7.0 7.0 7.0 7.0 7.0 7.0 7.0 7.0 7.0 7.0 13.0 13.0 13.0 13.0 13.0 13.0 13.0 13.0 13.0 13.0 13.0 12.0 12.0 7.0 7.0 7.0 7.0 7.0 20.0 12.0 7.0 7.0 12.0 7.0 7.0 7.0 7.0 7.0 7.0 7.0 12.0 7.0 7.0 12.0 11.0 12.0 11.0 11.0 7.0 7.0 7.0 11.0 16.0 16.0 10.0 10.0 10.0 10.0 10.0 20.0 20.0 10.0 10.0 7.0 10.0 10.0 10.0 6.0 10.0 16.0 10.0 10.0 10.0 6.0 11.0 12.0 12.0 
6.0 7.0 7.0 7.0 6.0 7.0 7.0 7.0 7.0 7.0 7.0 6.0 7.0 7.0 6.0 7.0 6.0 6.0 6.0 6.0 7.0 6.0 6.0 6.0 6.0 6.0 7.0 6.0 6.0 6.0 6.0 6.0 6.0 7.0 7.0 7.0 7.0 7.0 7.0 7.0 7.0 7.0 7.0 7.0 7.0 7.0 7.0 7.0 7.0 7.0 13.0 13.0 7.0 7.0 7.0 13.0 7.0 13.0 13.0 13.0 13.0 13.0 13.0 13.0 13.0 13.0 7.0 12.0 11.0 11.0 18.0 20.0 12.0 12.0 7.0 3.0 7.0 7.0 7.0 7.0 7.0 20.0 20.0 12.0 12.0 7.0 7.0 10.0 10.0 11.0 11.0 11.0 11.0 10.0 10.0 7.0 10.0 7.0 7.0 7.0 10.0 7.0 7.0 20.0 10.0 10.0 7.0 7.0 7.0 7.0 20.0 20.0 20.0 20.0 20.0 7.0 10.0 7.0 10.0 10.0 
7.0 7.0 7.0 6.0 7.0 6.0 7.0 7.0 7.0 7.0 7.0 7.0 7.0 7.0 6.0 6.0 6.0 6.0 6.0 6.0 6.0 6.0 6.0 6.0 6.0 6.0 6.0 6.0 6.0 6.0 6.0 7.0 6.0 6.0 7.0 7.0 7.0 7.0 7.0 7.0 7.0 7.0 7.0 7.0 7.0 7.0 7.0 7.0 7.0 7.0 13.0 13.0 7.0 7.0 13.0 13.0 13.0 13.0 13.0 13.0 13.0 13.0 7.0 13.0 7.0 7.0 12.0 7.0 7.0 7.0 18.0 20.0 12.0 7.0 7.0 7.0 7.0 7.0 7.0 7.0 7.0 20.0 10.0 10.0 10.0 20.0 20.0 20.0 20.0 20.0 20.0 20.0 20.0 20.0 20.0 20.0 20.0 20.0 20.0 20.0 20.0 20.0 20.0 20.0 20.0 20.0 20.0 20.0 20.0 20.0 20.0 20.0 20.0 20.0 20.0 20.0 20.0 20.0 10.0 10.0 
6.0 6.0 6.0 7.0 6.0 6.0 6.0 6.0 7.0 7.0 7.0 7.0 6.0 7.0 7.0 6.0 6.0 6.0 6.0 6.0 7.0 6.0 6.0 6.0 6.0 7.0 7.0 7.0 7.0 7.0 13.0 13.0 13.0 6.0 6.0 7.0 7.0 7.0 7.0 7.0 7.0 7.0 7.0 7.0 7.0 7.0 7.0 7.0 7.0 7.0 13.0 13.0 13.0 13.0 13.0 13.0 11.0 11.0 13.0 11.0 11.0 11.0 12.0 11.0 7.0 7.0 10.0 11.0 11.0 7.0 7.0 7.0 20.0 20.0 7.0 7.0 7.0 7.0 7.0 7.0 16.0 20.0 20.0 20.0 20.0 20.0 20.0 20.0 20.0 20.0 20.0 20.0 20.0 20.0 20.0 20.0 20.0 20.0 20.0 20.0 20.0 20.0 20.0 20.0 20.0 20.0 20.0 20.0 20.0 20.0 20.0 20.0 20.0 20.0 20.0 20.0 20.0 20.0 20.0 20.0 
6.0 7.0 6.0 6.0 7.0 7.0 7.0 7.0 6.0 7.0 7.0 13.0 6.0 6.0 6.0 6.0 13.0 6.0 6.0 6.0 7.0 7.0 7.0 7.0 7.0 7.0 7.0 7.0 7.0 13.0 13.0 7.0 7.0 13.0 7.0 7.0 7.0 7.0 7.0 7.0 7.0 7.0 7.0 7.0 7.0 7.0 7.0 6.0 13.0 13.0 13.0 13.0 13.0 13.0 13.0 13.0 11.0 11.0 11.0 11.0 12.0 12.0 20.0 20.0 20.0 20.0 20.0 20.0 20.0 20.0 20.0 6.0 20.0 20.0 20.0 20.0 20.0 20.0 20.0 20.0 20.0 20.0 20.0 20.0 20.0 20.0 20.0 20.0 20.0 20.0 20.0 20.0 20.0 20.0 20.0 20.0 20.0 20.0 20.0 20.0 20.0 20.0 20.0 20.0 20.0 20.0 20.0 20.0 20.0 20.0 20.0 20.0 20.0 20.0 20.0 20.0 20.0 20.0 20.0 20.0 
7.0 7.0 7.0 6.0 6.0 6.0 7.0 7.0 13.0 7.0 7.0 7.0 13.0 13.0 7.0 7.0 7.0 6.0 7.0 7.0 7.0 7.0 7.0 7.0 7.0 7.0 7.0 13.0 13.0 13.0 7.0 7.0 7.0 7.0 6.0 7.0 7.0 7.0 7.0 7.0 7.0 7.0 7.0 7.0 13.0 13.0 13.0 13.0 13.0 13.0 13.0 13.0 12.0 13.0 13.0 13.0 11.0 11.0 11.0 7.0 7.0 10.0 20.0 20.0 20.0 20.0 20.0 20.0 20.0 20.0 20.0 4.0 20.0 20.0 20.0 20.0 20.0 20.0 20.0 20.0 20.0 20.0 20.0 20.0 20.0 20.0 20.0 20.0 20.0 20.0 20.0 20.0 20.0 20.0 20.0 20.0 20.0 20.0 20.0 20.0 20.0 20.0 20.0 20.0 20.0 20.0 20.0 20.0 20.0 20.0 20.0 20.0 20.0 20.0 20.0 20.0 20.0 20.0 20.0 20.0 
6.0 7.0 6.0 6.0 6.0 6.0 13.0 13.0 13.0 7.0 7.0 7.0 7.0 7.0 11.0 11.0 13.0 13.0 13.0 13.0 13.0 13.0 7.0 7.0 7.0 13.0 7.0 7.0 7.0 7.0 13.0 7.0 6.0 7.0 6.0 6.0 13.0 13.0 13.0 13.0 7.0 13.0 13.0 13.0 13.0 13.0 13.0 13.0 13.0 13.0 13.0 13.0 13.0 13.0 12.0 7.0 16.0 7.0 20.0 20.0 20.0 20.0 20.0 20.0 20.0 20.0 20.0 20.0 20.0 20.0 20.0 20.0 20.0 20.0 20.0 20.0 20.0 20.0 20.0 20.0 20.0 20.0 20.0 20.0 20.0 20.0 20.0 20.0 20.0 20.0 20.0 20.0 20.0 20.0 20.0 20.0 20.0 20.0 20.0 20.0 20.0 20.0 20.0 20.0 20.0 20.0 20.0 20.0 20.0 20.0 20.0 20.0 20.0 20.0 20.0 20.0 20.0 20.0 20.0 20.0 
13.0 13.0 13.0 13.0 13.0 13.0 13.0 7.0 13.0 7.0 7.0 7.0 7.0 7.0 7.0 7.0 13.0 13.0 13.0 7.0 7.0 7.0 7.0 13.0 13.0 13.0 13.0 13.0 13.0 13.0 7.0 13.0 7.0 6.0 6.0 13.0 13.0 13.0 13.0 13.0 13.0 13.0 13.0 13.0 13.0 13.0 13.0 11.0 11.0 11.0 11.0 11.0 11.0 10.0 20.0 20.0 20.0 20.0 20.0 20.0 20.0 20.0 20.0 20.0 20.0 20.0 20.0 20.0 20.0 20.0 20.0 20.0 20.0 20.0 20.0 20.0 20.0 20.0 20.0 20.0 20.0 20.0 20.0 20.0 20.0 20.0 20.0 20.0 20.0 20.0 20.0 20.0 20.0 20.0 20.0 20.0 20.0 20.0 20.0 20.0 20.0 20.0 20.0 20.0 20.0 20.0 20.0 20.0 20.0 20.0 20.0 20.0 20.0 20.0 20.0 20.0 20.0 20.0 20.0 20.0 
11.0 13.0 13.0 7.0 7.0 7.0 13.0 7.0 7.0 7.0 7.0 7.0 7.0 7.0 7.0 7.0 7.0 13.0 13.0 7.0 7.0 7.0 7.0 7.0 7.0 13.0 13.0 7.0 7.0 7.0 7.0 13.0 13.0 13.0 13.0 13.0 13.0 13.0 13.0 13.0 13.0 13.0 13.0 18.0 11.0 11.0 12.0 11.0 11.0 11.0 7.0 7.0 20.0 10.0 20.0 20.0 20.0 20.0 20.0 20.0 20.0 20.0 20.0 20.0 20.0 20.0 20.0 20.0 20.0 20.0 20.0 20.0 20.0 20.0 20.0 20.0 20.0 20.0 20.0 20.0 20.0 20.0 20.0 20.0 20.0 20.0 20.0 20.0 20.0 20.0 20.0 20.0 20.0 20.0 20.0 20.0 20.0 20.0 20.0 20.0 20.0 20.0 20.0 20.0 20.0 20.0 20.0 20.0 20.0 20.0 20.0 20.0 20.0 20.0 20.0 20.0 20.0 20.0 20.0 20.0 
11.0 13.0 13.0 13.0 13.0 13.0 13.0 7.0 7.0 7.0 7.0 7.0 7.0 7.0 13.0 13.0 13.0 13.0 13.0 13.0 13.0 7.0 13.0 13.0 13.0 13.0 13.0 7.0 7.0 13.0 13.0 13.0 13.0 13.0 13.0 13.0 13.0 13.0 13.0 13.0 13.0 13.0 11.0 18.0 12.0 12.0 7.0 20.0 20.0 20.0 20.0 20.0 20.0 20.0 20.0 20.0 20.0 20.0 20.0 20.0 20.0 20.0 20.0 20.0 20.0 20.0 20.0 20.0 20.0 20.0 20.0 20.0 20.0 20.0 20.0 20.0 20.0 20.0 20.0 20.0 20.0 20.0 20.0 20.0 20.0 20.0 20.0 20.0 20.0 20.0 20.0 20.0 20.0 20.0 20.0 20.0 20.0 20.0 20.0 20.0 20.0 20.0 20.0 20.0 20.0 20.0 20.0 20.0 20.0 20.0 20.0 20.0 20.0 20.0 20.0 20.0 20.0 20.0 20.0 20.0 
7.0 7.0 7.0 7.0 7.0 13.0 7.0 13.0 13.0 7.0 7.0 13.0 13.0 7.0 13.0 13.0 13.0 7.0 13.0 13.0 7.0 13.0 13.0 7.0 7.0 7.0 7.0 7.0 7.0 13.0 13.0 13.0 13.0 13.0 13.0 13.0 13.0 13.0 13.0 13.0 13.0 13.0 12.0 7.0 7.0 12.0 16.0 20.0 20.0 20.0 20.0 20.0 20.0 20.0 20.0 20.0 20.0 20.0 20.0 20.0 20.0 20.0 20.0 20.0 20.0 20.0 20.0 20.0 20.0 20.0 20.0 20.0 20.0 20.0 20.0 20.0 20.0 20.0 20.0 20.0 20.0 20.0 20.0 20.0 20.0 20.0 20.0 20.0 20.0 20.0 20.0 20.0 20.0 20.0 20.0 20.0 20.0 20.0 20.0 20.0 20.0 20.0 20.0 20.0 20.0 20.0 20.0 20.0 20.0 20.0 20.0 20.0 20.0 20.0 20.0 20.0 20.0 20.0 20.0 20.0 
7.0 7.0 7.0 7.0 7.0 13.0 7.0 13.0 13.0 7.0 7.0 13.0 13.0 7.0 13.0 13.0 13.0 7.0 13.0 13.0 7.0 13.0 13.0 7.0 7.0 7.0 7.0 7.0 7.0 13.0 13.0 13.0 13.0 13.0 13.0 13.0 13.0 13.0 13.0 13.0 13.0 13.0 12.0 7.0 7.0 12.0 16.0 20.0 20.0 20.0 20.0 20.0 20.0 20.0 20.0 20.0 20.0 20.0 20.0 20.0 20.0 20.0 20.0 20.0 20.0 20.0 20.0 20.0 20.0 20.0 20.0 20.0 20.0 20.0 20.0 20.0 20.0 20.0 20.0 20.0 20.0 20.0 20.0 20.0 20.0 20.0 20.0 20.0 20.0 20.0 20.0 20.0 20.0 20.0 20.0 20.0 20.0 20.0 20.0 20.0 20.0 20.0 20.0 20.0 20.0 20.0 20.0 20.0 20.0 20.0 20.0 20.0 20.0 20.0 20.0 20.0 20.0 20.0 20.0 20.0 
7.0 7.0 7.0 13.0 13.0 13.0 7.0 7.0 7.0 7.0 7.0 13.0 13.0 13.0 13.0 7.0 7.0 11.0 7.0 13.0 7.0 7.0 13.0 13.0 13.0 13.0 7.0 6.0 6.0 13.0 13.0 13.0 13.0 13.0 13.0 7.0 11.0 11.0 13.0 13.0 11.0 11.0 7.0 7.0 7.0 20.0 10.0 20.0 20.0 20.0 20.0 20.0 20.0 20.0 20.0 20.0 20.0 20.0 20.0 20.0 20.0 20.0 20.0 20.0 20.0 20.0 20.0 20.0 20.0 20.0 20.0 20.0 20.0 20.0 20.0 20.0 20.0 20.0 20.0 20.0 20.0 20.0 20.0 20.0 20.0 20.0 20.0 20.0 20.0 20.0 20.0 20.0 20.0 20.0 20.0 20.0 20.0 20.0 20.0 20.0 20.0 20.0 20.0 20.0 20.0 20.0 20.0 20.0 20.0 20.0 20.0 20.0 20.0 20.0 20.0 20.0 20.0 20.0 20.0 20.0 
7.0 7.0 7.0 13.0 13.0 13.0 7.0 7.0 7.0 13.0 13.0 13.0 12.0 11.0 13.0 13.0 13.0 11.0 11.0 7.0 7.0 7.0 7.0 7.0 7.0 13.0 13.0 7.0 13.0 13.0 13.0 13.0 13.0 13.0 13.0 11.0 11.0 11.0 11.0 11.0 12.0 7.0 12.0 11.0 10.0 10.0 20.0 20.0 20.0 20.0 20.0 20.0 20.0 20.0 20.0 20.0 20.0 20.0 20.0 20.0 20.0 20.0 20.0 20.0 20.0 20.0 20.0 20.0 20.0 20.0 20.0 20.0 20.0 20.0 20.0 20.0 20.0 20.0 20.0 20.0 20.0 20.0 20.0 20.0 20.0 20.0 20.0 20.0 20.0 20.0 20.0 20.0 20.0 20.0 20.0 20.0 20.0 20.0 20.0 20.0 20.0 20.0 20.0 20.0 20.0 20.0 20.0 20.0 20.0 20.0 20.0 20.0 20.0 20.0 20.0 20.0 20.0 20.0 20.0 20.0 
13.0 11.0 11.0 11.0 11.0 13.0 13.0 7.0 13.0 11.0 11.0 13.0 13.0 13.0 13.0 13.0 13.0 13.0 13.0 7.0 7.0 7.0 7.0 13.0 13.0 13.0 11.0 13.0 13.0 13.0 13.0 13.0 13.0 13.0 13.0 13.0 13.0 13.0 13.0 12.0 7.0 11.0 10.0 10.0 20.0 20.0 20.0 20.0 20.0 20.0 20.0 20.0 20.0 20.0 20.0 20.0 20.0 20.0 20.0 20.0 20.0 20.0 20.0 20.0 20.0 20.0 20.0 20.0 20.0 20.0 20.0 20.0 20.0 20.0 20.0 20.0 20.0 20.0 20.0 20.0 20.0 20.0 20.0 20.0 20.0 20.0 20.0 20.0 20.0 20.0 20.0 20.0 20.0 20.0 20.0 20.0 20.0 20.0 20.0 20.0 20.0 20.0 20.0 20.0 20.0 20.0 20.0 20.0 20.0 20.0 20.0 20.0 20.0 20.0 20.0 20.0 20.0 20.0 20.0 20.0 
13.0 11.0 11.0 11.0 13.0 13.0 13.0 11.0 13.0 13.0 13.0 12.0 13.0 13.0 13.0 13.0 13.0 13.0 7.0 7.0 7.0 7.0 7.0 13.0 13.0 13.0 11.0 13.0 13.0 13.0 13.0 13.0 13.0 13.0 13.0 7.0 7.0 7.0 7.0 12.0 7.0 10.0 10.0 20.0 20.0 20.0 20.0 20.0 20.0 20.0 20.0 20.0 20.0 20.0 20.0 20.0 20.0 20.0 20.0 20.0 20.0 20.0 20.0 20.0 20.0 20.0 20.0 20.0 20.0 20.0 20.0 20.0 20.0 20.0 20.0 20.0 20.0 20.0 20.0 20.0 20.0 20.0 20.0 20.0 20.0 20.0 20.0 20.0 20.0 20.0 20.0 20.0 20.0 20.0 20.0 20.0 20.0 20.0 20.0 20.0 20.0 20.0 20.0 20.0 20.0 20.0 20.0 20.0 20.0 20.0 20.0 20.0 20.0 20.0 20.0 20.0 20.0 20.0 20.0 20.0 
11.0 7.0 7.0 13.0 13.0 13.0 12.0 11.0 11.0 11.0 11.0 13.0 13.0 13.0 13.0 13.0 13.0 13.0 13.0 13.0 13.0 13.0 13.0 13.0 13.0 11.0 13.0 13.0 13.0 13.0 13.0 13.0 11.0 7.0 7.0 12.0 12.0 12.0 12.0 20.0 20.0 20.0 20.0 20.0 20.0 20.0 20.0 20.0 20.0 20.0 20.0 20.0 20.0 20.0 20.0 20.0 20.0 20.0 20.0 20.0 20.0 20.0 20.0 20.0 20.0 20.0 20.0 20.0 20.0 20.0 20.0 20.0 20.0 20.0 20.0 20.0 20.0 20.0 20.0 20.0 20.0 20.0 20.0 20.0 20.0 20.0 20.0 20.0 20.0 20.0 20.0 20.0 20.0 20.0 20.0 20.0 20.0 20.0 20.0 20.0 20.0 20.0 20.0 20.0 20.0 20.0 20.0 20.0 20.0 20.0 20.0 20.0 20.0 20.0 20.0 20.0 20.0 20.0 20.0 20.0 
11.0 7.0 7.0 11.0 11.0 11.0 12.0 11.0 11.0 11.0 11.0 11.0 13.0 13.0 13.0 13.0 13.0 13.0 13.0 13.0 13.0 13.0 13.0 13.0 13.0 13.0 13.0 13.0 13.0 13.0 12.0 12.0 12.0 7.0 16.0 16.0 20.0 20.0 20.0 20.0 20.0 20.0 20.0 20.0 20.0 20.0 20.0 20.0 20.0 20.0 20.0 20.0 20.0 20.0 20.0 20.0 20.0 20.0 20.0 20.0 20.0 20.0 20.0 20.0 20.0 20.0 20.0 20.0 20.0 20.0 20.0 20.0 20.0 20.0 20.0 20.0 20.0 20.0 20.0 20.0 20.0 20.0 20.0 20.0 20.0 20.0 20.0 20.0 20.0 20.0 20.0 20.0 20.0 20.0 20.0 20.0 20.0 20.0 20.0 20.0 20.0 20.0 20.0 20.0 20.0 20.0 20.0 20.0 20.0 20.0 20.0 20.0 20.0 20.0 20.0 20.0 20.0 20.0 20.0 20.0 
7.0 7.0 7.0 7.0 7.0 12.0 11.0 11.0 11.0 11.0 11.0 13.0 13.0 13.0 13.0 13.0 13.0 13.0 13.0 13.0 13.0 13.0 13.0 13.0 13.0 13.0 13.0 13.0 13.0 13.0 11.0 12.0 7.0 16.0 10.0 10.0 20.0 20.0 20.0 20.0 20.0 20.0 20.0 20.0 20.0 20.0 20.0 20.0 20.0 20.0 20.0 20.0 20.0 20.0 20.0 20.0 20.0 20.0 20.0 20.0 20.0 20.0 20.0 20.0 20.0 20.0 20.0 20.0 20.0 20.0 20.0 20.0 20.0 20.0 20.0 20.0 20.0 20.0 20.0 20.0 20.0 20.0 20.0 20.0 20.0 20.0 20.0 20.0 20.0 20.0 20.0 20.0 20.0 20.0 20.0 20.0 20.0 20.0 20.0 20.0 20.0 20.0 20.0 20.0 20.0 20.0 20.0 20.0 20.0 20.0 20.0 20.0 20.0 20.0 20.0 20.0 20.0 20.0 20.0 20.0 
7.0 13.0 7.0 7.0 11.0 11.0 11.0 11.0 11.0 13.0 13.0 13.0 11.0 11.0 11.0 13.0 13.0 13.0 13.0 13.0 11.0 13.0 11.0 13.0 13.0 13.0 13.0 13.0 13.0 12.0 7.0 7.0 16.0 20.0 20.0 20.0 20.0 20.0 20.0 20.0 20.0 20.0 20.0 20.0 20.0 20.0 20.0 20.0 20.0 20.0 20.0 20.0 20.0 20.0 20.0 20.0 20.0 20.0 20.0 20.0 20.0 20.0 20.0 20.0 20.0 20.0 20.0 20.0 20.0 20.0 20.0 20.0 20.0 20.0 20.0 20.0 20.0 20.0 20.0 20.0 20.0 20.0 20.0 20.0 20.0 20.0 20.0 20.0 20.0 20.0 20.0 20.0 20.0 20.0 20.0 20.0 20.0 20.0 20.0 20.0 20.0 20.0 20.0 20.0 20.0 20.0 20.0 20.0 20.0 20.0 20.0 20.0 20.0 20.0 20.0 20.0 20.0 20.0 20.0 20.0 
7.0 7.0 7.0 7.0 11.0 11.0 18.0 11.0 11.0 12.0 12.0 18.0 18.0 11.0 11.0 12.0 11.0 11.0 18.0 12.0 12.0 11.0 11.0 12.0 12.0 7.0 7.0 7.0 7.0 7.0 7.0 10.0 20.0 20.0 20.0 20.0 20.0 20.0 20.0 20.0 20.0 20.0 20.0 20.0 20.0 20.0 20.0 20.0 20.0 20.0 20.0 20.0 20.0 20.0 20.0 20.0 20.0 20.0 20.0 20.0 20.0 20.0 20.0 20.0 20.0 20.0 20.0 20.0 20.0 20.0 20.0 20.0 20.0 20.0 20.0 20.0 20.0 20.0 20.0 20.0 20.0 20.0 20.0 20.0 20.0 20.0 20.0 20.0 20.0 20.0 20.0 20.0 20.0 20.0 20.0 20.0 20.0 20.0 20.0 20.0 20.0 20.0 20.0 20.0 20.0 20.0 20.0 20.0 20.0 20.0 20.0 20.0 20.0 20.0 20.0 20.0 20.0 20.0 20.0 20.0 
12.0 6.0 20.0 7.0 11.0 18.0 7.0 18.0 18.0 18.0 18.0 18.0 18.0 11.0 13.0 11.0 11.0 11.0 18.0 18.0 18.0 20.0 20.0 20.0 20.0 7.0 7.0 7.0 20.0 20.0 20.0 20.0 20.0 20.0 20.0 20.0 20.0 20.0 20.0 20.0 20.0 20.0 20.0 20.0 20.0 20.0 20.0 20.0 20.0 20.0 20.0 20.0 20.0 20.0 20.0 20.0 20.0 20.0 20.0 20.0 20.0 20.0 20.0 20.0 20.0 20.0 20.0 20.0 20.0 20.0 20.0 20.0 20.0 20.0 20.0 20.0 20.0 20.0 20.0 20.0 20.0 20.0 20.0 20.0 20.0 20.0 20.0 20.0 20.0 20.0 20.0 20.0 20.0 20.0 20.0 20.0 20.0 20.0 20.0 20.0 20.0 20.0 20.0 20.0 20.0 20.0 20.0 20.0 20.0 20.0 20.0 20.0 20.0 20.0 20.0 20.0 20.0 20.0 20.0 20.0 
20.0 7.0 12.0 11.0 12.0 12.0 7.0 11.0 11.0 18.0 18.0 18.0 18.0 7.0 7.0 12.0 7.0 7.0 7.0 20.0 7.0 7.0 7.0 20.0 20.0 12.0 11.0 20.0 20.0 20.0 20.0 20.0 20.0 20.0 20.0 20.0 20.0 20.0 20.0 20.0 20.0 20.0 20.0 20.0 20.0 20.0 20.0 20.0 20.0 20.0 20.0 20.0 20.0 20.0 20.0 20.0 20.0 20.0 20.0 20.0 20.0 20.0 20.0 20.0 20.0 20.0 20.0 20.0 20.0 20.0 20.0 20.0 20.0 20.0 20.0 20.0 20.0 20.0 20.0 20.0 20.0 20.0 20.0 20.0 20.0 20.0 20.0 20.0 20.0 20.0 20.0 20.0 20.0 20.0 20.0 20.0 20.0 20.0 20.0 20.0 20.0 20.0 20.0 20.0 20.0 20.0 20.0 20.0 20.0 20.0 20.0 20.0 20.0 20.0 20.0 20.0 20.0 20.0 20.0 20.0 
20.0 20.0 10.0 7.0 7.0 7.0 12.0 20.0 20.0 20.0 20.0 7.0 12.0 20.0 20.0 11.0 11.0 20.0 12.0 20.0 20.0 20.0 20.0 20.0 20.0 20.0 20.0 20.0 20.0 20.0 20.0 20.0 20.0 20.0 20.0 20.0 20.0 20.0 20.0 20.0 20.0 20.0 20.0 20.0 20.0 20.0 20.0 20.0 20.0 20.0 20.0 20.0 20.0 20.0 20.0 20.0 20.0 20.0 20.0 20.0 20.0 20.0 20.0 20.0 20.0 20.0 20.0 20.0 20.0 20.0 20.0 20.0 20.0 20.0 20.0 20.0 20.0 20.0 20.0 20.0 20.0 20.0 20.0 20.0 20.0 20.0 20.0 20.0 20.0 20.0 20.0 20.0 20.0 20.0 20.0 20.0 20.0 20.0 20.0 20.0 20.0 20.0 20.0 20.0 20.0 20.0 20.0 20.0 20.0 20.0 20.0 20.0 20.0 20.0 20.0 20.0 20.0 20.0 20.0 20.0 
